[[133. 108.   0.  19.   1.   1. 154.  33.]
 [  2. 298.   1.  61.   0.   0.  44.  27.]
 [ 28. 185.   3.   5.   5.   0. 187.  41.]
 [ 73. 135.   0.  62.   0.   2. 128.  50.]
 [ 30. 134.   0.   3.  29.   4. 220.  40.]
 [ 49. 140.   2.  14.   3.   9.  85. 145.]
 [ 63.  49.   0.   8.   2.   0. 280.  35.]
 [ 31. 118.   0.  22.   1.   1.  61. 218.]]
step14
{'acc': 0.288107202680067, 'f1': 0.22654752269895811, 'micro_f1': 0.288107202680067, 'test_loss': 1.9524390484605516}
saving model of step14
Model train epoch:1,loss:2.070138769490378,training_time:2.25601913779974
[[ 92.  61.   8.   6.   4.   6. 271.   1.]
 [  1. 417.   2.   0.   0.   0.  12.   1.]
 [  7. 247.  87.   0.   5.   2. 100.   6.]
 [ 16. 207.  25.  28.   4.  41. 128.   1.]
 [  0. 272.  25.   0. 139.   2.  22.   0.]
 [  4. 208.  33.   0.  27. 112.  54.   9.]
 [ 22.   0.   0.   0.   1.   1. 412.   1.]
 [ 12.  97.  20.   4.  26.  29.  98. 166.]]
step28
{'acc': 0.4056393076493579, 'f1': 0.3676465680728991, 'micro_f1': 0.4056393076493579, 'test_loss': 1.5756675877741404}
saving model of step28
Model train epoch:2,loss:1.7952177013669695,training_time:2.184898294508457
[[241.  21.  75.  37.   0.   0.  74.   1.]
 [  7. 365.  49.  12.   0.   0.   0.   0.]
 [  4.  25. 420.   2.   0.   0.   3.   0.]
 [  6.  69.  43. 331.   0.   1.   0.   0.]
 [  0.  17. 384.  26.  29.   0.   0.   4.]
 [  9.   7. 360.  42.   8.  20.   0.   1.]
 [ 83.   0.  24.  14.   0.   2. 311.   3.]
 [  1.   2.  19. 108.   6.   0.   0. 316.]]
step42
{'acc': 0.5675600223338917, 'f1': 0.5318662052405356, 'micro_f1': 0.5675600223338917, 'test_loss': 1.1849377719419343}
saving model of step42
Model train epoch:3,loss:1.229813345840999,training_time:2.1766326539218426
[[194.  35.  69.  25.   1.  28.  88.   9.]
 [  4. 396.  14.  12.   2.   2.   3.   0.]
 [  0.  33. 390.   0.  14.  15.   2.   0.]
 [  7.  83.   2. 338.   3.   7.   0.  10.]
 [  1.  19.  11.  11. 358.  48.   0.  12.]
 [  0.   0.  19.   0.   4. 420.   0.   4.]
 [ 31.   0.  15.   0.   1.  24. 354.  12.]
 [  0.   0.   0.   0.   3.  23.   1. 425.]]
step56
{'acc': 0.8026242322724735, 'f1': 0.795309467504457, 'micro_f1': 0.8026242322724735, 'test_loss': 0.7385802268981934}
saving model of step56
Model train epoch:4,loss:0.8247784376144409,training_time:2.1758467443287373
[[294.  34.  29.  31.   0.  24.  36.   1.]
 [  3. 397.   9.  15.   2.   1.   6.   0.]
 [  6.  17. 395.   0.   4.  25.   7.   0.]
 [  9.  50.   2. 385.   4.   0.   0.   0.]
 [  4.   5.   3.  20. 389.  21.   5.  13.]
 [  7.   0.   7.   0.   4. 418.   0.  11.]
 [ 48.   0.   1.   5.   0.   6. 370.   7.]
 [  0.   0.   0.   0.   1.  10.   1. 440.]]
step70
{'acc': 0.8620882188721385, 'f1': 0.8603118781083077, 'micro_f1': 0.8620882188721385, 'test_loss': 0.5196535390402589}
saving model of step70
Model train epoch:5,loss:0.46080788118498667,training_time:2.1873683743178844
[[319.  44.  21.  26.   2.   1.  36.   0.]
 [  3. 397.   7.  15.   2.   1.   8.   0.]
 [ 14.  28. 397.   0.   2.  10.   3.   0.]
 [ 10.  38.   2. 395.   4.   0.   1.   0.]
 [  1.   2.   3.  10. 410.  21.   4.   9.]
 [ 11.   0.  11.   0.   3. 419.   3.   0.]
 [ 37.   0.   1.   3.   0.   2. 391.   3.]
 [  0.   0.   0.   0.   0.  24.   1. 427.]]
step84
{'acc': 0.8807928531546622, 'f1': 0.880176725874553, 'micro_f1': 0.8807928531546623, 'test_loss': 0.4201793439154114}
saving model of step84
Model train epoch:6,loss:0.2976306144680296,training_time:2.166803900152445
[[343.  38.  20.  17.   4.   1.  25.   1.]
 [  5. 400.  12.   5.   5.   0.   6.   0.]
 [ 13.  12. 403.   0.   4.  19.   3.   0.]
 [ 27.  52.   3. 360.   8.   0.   0.   0.]
 [  4.   0.   1.   5. 430.   9.   1.  10.]
 [  8.   0.   4.   0.   4. 431.   0.   0.]
 [ 55.   0.   0.   1.   1.   3. 375.   2.]
 [  0.   0.   0.   0.   1.  15.   1. 435.]]
step98
{'acc': 0.8869346733668342, 'f1': 0.8866296381957901, 'micro_f1': 0.8869346733668342, 'test_loss': 0.393141404326473}
saving model of step98
Model train epoch:7,loss:0.22390645369887352,training_time:2.177162326872349
[[364.  35.  12.  26.   1.   1.   9.   1.]
 [  6. 395.   6.  17.   3.   0.   6.   0.]
 [ 29.  32. 376.   0.   3.  11.   3.   0.]
 [ 17.  45.   1. 383.   4.   0.   0.   0.]
 [  3.   1.   1.   5. 425.   9.   0.  16.]
 [ 13.   0.   7.   0.   3. 409.   0.  15.]
 [ 65.   0.   0.   3.   1.   0. 363.   5.]
 [  0.   0.   0.   0.   1.   6.   1. 444.]]
step112
{'acc': 0.8819095477386935, 'f1': 0.8826353465384503, 'micro_f1': 0.8819095477386935, 'test_loss': 0.3997318012905972}
Model train epoch:8,loss:0.1569958052464894,training_time:2.134459376335144
[[395.  16.  25.   6.   0.   4.   2.   1.]
 [ 19. 362.  20.  13.   3.   9.   7.   0.]
 [ 21.  16. 388.   0.   1.  28.   0.   0.]
 [ 73.  20.   4. 346.   4.   3.   0.   0.]
 [ 10.   1.   1.   5. 355.  80.   0.   8.]
 [  7.   0.   4.   0.   0. 436.   0.   0.]
 [ 89.   0.   1.   1.   0.   6. 340.   0.]
 [  0.   0.   0.   0.   0.  35.   1. 416.]]
step126
{'acc': 0.8481295365717476, 'f1': 0.8515527007744698, 'micro_f1': 0.8481295365717476, 'test_loss': 0.4951266273856163}
Model train epoch:9,loss:0.13239777274429798,training_time:2.171362344175577
[[350.  38.  30.  13.   4.   3.  10.   1.]
 [  1. 401.  14.   4.   4.   2.   7.   0.]
 [  8.  12. 422.   0.   1.  11.   0.   0.]
 [ 30.  36.   5. 369.   7.   2.   1.   0.]
 [  1.   1.   3.   5. 437.   3.   0.  10.]
 [  6.   0.  11.   0.   2. 428.   0.   0.]
 [ 60.   0.   4.   2.   1.   6. 361.   3.]
 [  0.   0.   0.   0.   1.  24.   1. 426.]]
step140
{'acc': 0.8916806253489671, 'f1': 0.8913907394257237, 'micro_f1': 0.8916806253489671, 'test_loss': 0.4055605744943023}
saving model of step140
Model train epoch:10,loss:0.14337947166391782,training_time:2.1702361330389977
[[328.  29.  19.  18.   5.   0.  50.   0.]
 [  4. 390.  23.   6.   2.   0.   8.   0.]
 [ 11.   4. 427.   0.   2.   3.   7.   0.]
 [ 17.  42.   3. 379.   7.   0.   2.   0.]
 [  1.   0.   1.   4. 445.   2.   2.   5.]
 [  3.   0.  16.   0.   4. 420.   4.   0.]
 [ 23.   0.   1.   5.   1.   1. 402.   4.]
 [  0.   0.   0.   0.   0.  16.   1. 435.]]
step154
{'acc': 0.9006141820212172, 'f1': 0.899362218433175, 'micro_f1': 0.9006141820212172, 'test_loss': 0.3548850566148758}
saving model of step154
Model train epoch:11,loss:0.0884486221309219,training_time:2.1573943458497524
[[333.  40.  29.  16.   1.   1.  28.   1.]
 [  1. 413.   7.   3.   1.   1.   7.   0.]
 [  8.  29. 397.   0.   1.  18.   1.   0.]
 [ 20.  64.   1. 360.   2.   1.   2.   0.]
 [  1.  25.   6.  10. 404.   5.   1.   8.]
 [  4.   0.   5.   0.   2. 432.   1.   3.]
 [ 35.   0.   1.   2.   0.   5. 390.   4.]
 [  0.   0.   0.   0.   0.  13.   1. 438.]]
step168
{'acc': 0.884142936906756, 'f1': 0.8841145030434253, 'micro_f1': 0.884142936906756, 'test_loss': 0.4323894267103502}
Model train epoch:12,loss:0.06830734746264559,training_time:2.124452281743288
[[352.  44.  13.  24.   2.   0.  13.   1.]
 [  2. 411.   8.   5.   2.   0.   5.   0.]
 [ 13.  20. 414.   0.   2.   4.   1.   0.]
 [ 16.  42.   2. 384.   4.   0.   2.   0.]
 [  2.   5.   1.  16. 423.   3.   1.   9.]
 [  6.   0.  14.   1.  11. 411.   0.   4.]
 [ 48.   0.   3.   6.   0.   2. 372.   6.]
 [  0.   0.   0.   0.   2.  11.   1. 438.]]
step182
{'acc': 0.894751535455053, 'f1': 0.8947619583839765, 'micro_f1': 0.894751535455053, 'test_loss': 0.39042530661182745}
Model train epoch:13,loss:0.059653994627296925,training_time:2.1159550696611404
[[372.  36.   7.  25.   4.   0.   4.   1.]
 [  2. 403.   5.  17.   1.   0.   5.   0.]
 [ 28.  40. 359.   0.  15.  10.   2.   0.]
 [ 19.  36.   1. 388.   6.   0.   0.   0.]
 [  0.   1.   0.  13. 437.   0.   0.   9.]
 [  9.   0.   2.   0.  46. 378.   0.  12.]
 [ 69.   0.   0.   5.   1.   2. 355.   5.]
 [  0.   0.   0.   0.   3.   2.   1. 446.]]
step196
{'acc': 0.8760469011725294, 'f1': 0.8765189907320095, 'micro_f1': 0.8760469011725294, 'test_loss': 0.48798229545354843}
Model train epoch:14,loss:0.051321761549583504,training_time:2.129491426050663
[[371.  42.   4.  24.   4.   0.   2.   2.]
 [  2. 411.   6.   7.   3.   0.   4.   0.]
 [ 32.  25. 358.   0.   3.  34.   2.   0.]
 [ 20.  46.   0. 377.   7.   0.   0.   0.]
 [  1.   1.   0.   9. 437.   2.   0.  10.]
 [  7.   0.   2.   0.   6. 417.   0.  15.]
 [ 80.   0.   0.   6.   2.   3. 339.   7.]
 [  0.   0.   0.   1.   2.   7.   1. 441.]]
step210
{'acc': 0.879676158570631, 'f1': 0.879812644729034, 'micro_f1': 0.879676158570631, 'test_loss': 0.4961446845637901}
Model train epoch:15,loss:0.0316924629067736,training_time:2.11911304295063
[[365.  17.   2.  25.  33.   4.   3.   0.]
 [  5. 367.   3.  31.  23.   0.   3.   1.]
 [ 34.  30. 316.   0.  31.  43.   0.   0.]
 [ 23.  20.   0. 383.  24.   0.   0.   0.]
 [  1.   0.   0.   3. 452.   1.   0.   3.]
 [  4.   0.   2.   0.  18. 422.   0.   1.]
 [ 96.   0.   1.   4.   8.   8. 315.   5.]
 [  0.   0.   0.   0.   3.  23.   1. 425.]]
step224
{'acc': 0.8500837520938024, 'f1': 0.8498712002037098, 'micro_f1': 0.8500837520938024, 'test_loss': 0.5820315932588918}
Model train epoch:16,loss:0.04726978883679424,training_time:2.1259347461163998
[[365.  29.   5.  32.   9.   1.   7.   1.]
 [  4. 392.   5.  22.   6.   0.   4.   0.]
 [ 35.  38. 353.   0.   9.  17.   1.   1.]
 [ 20.  29.   0. 388.  13.   0.   0.   0.]
 [  0.   1.   0.   6. 448.   0.   2.   3.]
 [ 11.   0.   6.   0.  44. 370.   0.  16.]
 [ 57.   0.   0.   5.   1.   0. 366.   8.]
 [  0.   0.   0.   0.   6.   4.   1. 441.]]
step238
{'acc': 0.871859296482412, 'f1': 0.8720466336599767, 'micro_f1': 0.871859296482412, 'test_loss': 0.5002477062599999}
Model train epoch:17,loss:0.07428151448922497,training_time:2.1305351816117764
[[378.  32.   7.  19.   1.   0.  10.   2.]
 [  7. 389.  15.  16.   2.   0.   4.   0.]
 [ 23.  14. 401.   0.   1.  14.   1.   0.]
 [ 35.  40.   0. 371.   4.   0.   0.   0.]
 [  7.   2.   0.  15. 404.  14.   3.  15.]
 [ 13.   0.  13.   0.   0. 416.   0.   5.]
 [ 76.   0.   2.   3.   0.   1. 355.   0.]
 [  0.   0.   0.   0.   1.  20.   1. 430.]]
step252
{'acc': 0.8777219430485762, 'f1': 0.8791019075253272, 'micro_f1': 0.8777219430485762, 'test_loss': 0.4903115749891315}
Model train epoch:18,loss:0.05858234382633652,training_time:2.173803109675646
[[385.  16.   8.  20.   3.   0.  16.   1.]
 [ 17. 348.  14.  44.   6.   0.   4.   0.]
 [ 33.   6. 378.   0.   2.  30.   5.   0.]
 [ 36.  19.   1. 383.   9.   0.   2.   0.]
 [  2.   0.   0.   4. 436.   9.   1.   8.]
 [ 10.   0.   2.   0.   4. 422.   0.   9.]
 [ 64.   0.   0.   3.   0.   1. 365.   4.]
 [  0.   0.   0.   0.   1.  10.   1. 440.]]
step266
{'acc': 0.8813512004466778, 'f1': 0.881968366409894, 'micro_f1': 0.8813512004466778, 'test_loss': 0.46656765629138264}
Model train epoch:19,loss:0.04932253388687968,training_time:2.1540305353701115
[[368.  34.  20.  15.   1.   1.   9.   1.]
 [  3. 410.   9.   6.   1.   0.   4.   0.]
 [ 17.  20. 404.   0.   1.  11.   1.   0.]
 [ 31.  55.   1. 354.   8.   1.   0.   0.]
 [  2.   5.   4.   6. 430.   7.   0.   6.]
 [  7.   0.   8.   0.   2. 427.   0.   3.]
 [ 69.   0.   5.   3.   1.   2. 357.   0.]
 [  2.   0.   0.   1.   1.  22.   0. 426.]]
step280
{'acc': 0.8866554997208264, 'f1': 0.8872024722003387, 'micro_f1': 0.8866554997208264, 'test_loss': 0.4841536762458937}
Model train epoch:20,loss:0.04065304961321609,training_time:2.129170037806034
[[311.  43.  11.  29.   5.   7.  41.   2.]
 [  2. 394.   7.  24.   1.   1.   4.   0.]
 [ 14.  26. 395.   0.   3.  10.   6.   0.]
 [ 14.  32.   1. 393.   5.   0.   5.   0.]
 [  0.   1.   1.   6. 450.   0.   0.   2.]
 [  0.   0.  14.   0.  20. 412.   0.   1.]
 [ 17.   0.   0.   3.   3.   6. 388.  20.]
 [  0.   0.   0.   0.   2.  21.   1. 428.]]
step294
{'acc': 0.8852596314907872, 'f1': 0.8834639226140123, 'micro_f1': 0.8852596314907872, 'test_loss': 0.4700388075517757}
Model train epoch:21,loss:0.03946137488154428,training_time:2.129461668431759
[[327.  32.  12.  16.   1.   1.  59.   1.]
 [  6. 401.  14.   4.   2.   0.   6.   0.]
 [ 16.  13. 402.   0.   1.  15.   7.   0.]
 [ 33.  61.   2. 343.   3.   0.   8.   0.]
 [  2.   5.   1.   7. 430.   6.   7.   2.]
 [  3.   0.   6.   1.   6. 426.   3.   2.]
 [ 32.   0.   0.   6.   0.   1. 398.   0.]
 [  4.   0.   0.   3.   1.  19.   1. 424.]]
step308
{'acc': 0.879676158570631, 'f1': 0.8790211182638394, 'micro_f1': 0.879676158570631, 'test_loss': 0.5062661985201495}
Model train epoch:22,loss:0.025182035651856234,training_time:2.1171929873526096
[[391.  33.  11.   9.   0.   1.   3.   1.]
 [  5. 404.   7.   8.   3.   0.   6.   0.]
 [ 20.  23. 387.   0.   0.  23.   1.   0.]
 [ 35.  40.   1. 365.   5.   1.   3.   0.]
 [  2.   2.   3.   6. 435.   8.   0.   4.]
 [  1.   0.   5.   0.   2. 434.   1.   4.]
 [ 68.   0.   0.   1.   0.   7. 356.   5.]
 [  0.   0.   0.   0.   1.  20.   1. 430.]]
step322
{'acc': 0.8939140145170296, 'f1': 0.8943765413671251, 'micro_f1': 0.8939140145170296, 'test_loss': 0.5235607661306858}
Model train epoch:23,loss:0.012355593931195992,training_time:2.1145825758576393
[[371.  36.   8.  21.   1.   1.  10.   1.]
 [  3. 391.  14.  13.   6.   0.   6.   0.]
 [ 30.  20. 370.   0.   3.  30.   1.   0.]
 [ 16.  40.   2. 382.   8.   0.   2.   0.]
 [  0.   0.   0.   8. 440.   5.   1.   6.]
 [  3.   0.   4.   0.   1. 432.   1.   6.]
 [ 55.   0.   0.   8.   1.   4. 364.   5.]
 [  0.   0.   0.   1.   1.   9.   1. 440.]]
step336
{'acc': 0.8905639307649358, 'f1': 0.8902909418767866, 'micro_f1': 0.8905639307649358, 'test_loss': 0.5436553074313062}
Model train epoch:24,loss:0.007086470906090524,training_time:2.1086975894868374
[[357.  44.  10.  18.   1.   1.  17.   1.]
 [  3. 408.   8.   8.   1.   0.   5.   0.]
 [ 25.  29. 378.   0.   5.  14.   3.   0.]
 [ 20.  52.   1. 369.   5.   0.   3.   0.]
 [  0.   5.   2.  10. 433.   2.   1.   7.]
 [  7.   0.   7.   0.   7. 420.   0.   6.]
 [ 54.   0.   0.   2.   1.   4. 372.   4.]
 [  0.   0.   0.   1.   2.   8.   1. 440.]]
step350
{'acc': 0.8869346733668342, 'f1': 0.8872074083680317, 'micro_f1': 0.8869346733668342, 'test_loss': 0.5509662042771067}
Model train epoch:25,loss:0.008575872992098863,training_time:2.132548350840807
[[374.  33.  11.  22.   1.   2.   5.   1.]
 [  5. 385.   8.  28.   3.   0.   4.   0.]
 [ 34.  20. 371.   0.   3.  25.   1.   0.]
 [ 22.  36.   1. 382.   8.   0.   1.   0.]
 [  4.   0.   1.   7. 441.   5.   0.   2.]
 [  3.   0.   4.   0.   1. 439.   0.   0.]
 [ 79.   0.   1.   5.   1.   9. 342.   0.]
 [  0.   0.   0.   6.   3.  22.   1. 420.]]
step364
{'acc': 0.8805136795086543, 'f1': 0.8810572767558115, 'micro_f1': 0.8805136795086543, 'test_loss': 0.5340419925217118}
Model train epoch:26,loss:0.012360626316097165,training_time:2.147130463272333
[[341.  40.  11.  18.   2.   1.  31.   5.]
 [  2. 401.   9.  15.   1.   0.   5.   0.]
 [ 18.  25. 377.   0.   6.  22.   6.   0.]
 [ 16.  34.   1. 388.   6.   0.   5.   0.]
 [  0.   1.   0.   8. 438.   2.   1.  10.]
 [  2.   0.   5.   0.  10. 374.   2.  54.]
 [ 24.   0.   0.   5.   1.   3. 389.  15.]
 [  0.   0.   0.   0.   2.   3.   1. 446.]]
step378
{'acc': 0.8805136795086543, 'f1': 0.8795234099684586, 'micro_f1': 0.8805136795086543, 'test_loss': 0.554678156173655}
Model train epoch:27,loss:0.012629671130395894,training_time:2.1321572326123714
[[375.  37.   7.  15.   2.   0.  12.   1.]
 [  3. 406.   9.   8.   2.   0.   5.   0.]
 [ 25.  24. 384.   0.   3.  16.   2.   0.]
 [ 27.  39.   2. 375.   4.   0.   3.   0.]
 [  2.   1.   2.   7. 442.   3.   0.   3.]
 [  7.   0.   7.   0.   4. 429.   0.   0.]
 [ 57.   0.   0.   3.   0.   3. 374.   0.]
 [  6.   0.   0.   0.   4.  53.   1. 388.]]
step392
{'acc': 0.8858179787828029, 'f1': 0.8866010896831034, 'micro_f1': 0.8858179787828029, 'test_loss': 0.547129074377673}
Model train epoch:28,loss:0.009018082770385913,training_time:2.1489617973566055
[[364.  40.  14.  15.   1.   0.  14.   1.]
 [  3. 402.  17.   6.   2.   0.   3.   0.]
 [ 12.  19. 412.   0.   2.   5.   4.   0.]
 [ 21.  54.   3. 364.   6.   0.   2.   0.]
 [  0.   1.   3.   6. 439.   2.   2.   7.]
 [  6.   0.  16.   0.   6. 414.   1.   4.]
 [ 48.   0.   0.   5.   0.   3. 377.   4.]
 [  0.   0.   0.   1.   2.  11.   1. 437.]]
step406
{'acc': 0.8958682300390843, 'f1': 0.8958800179656372, 'micro_f1': 0.8958682300390843, 'test_loss': 0.5488233592893396}
Model train epoch:29,loss:0.010874026089108415,training_time:2.140953842550516
[[284.  46.  15.  20.   3.   6.  75.   0.]
 [  1. 416.   9.   1.   1.   1.   4.   0.]
 [  8.  31. 402.   0.   2.   4.   7.   0.]
 [ 14.  92.   1. 322.  17.   0.   4.   0.]
 [  0.   7.   3.   4. 442.   2.   1.   1.]
 [  0.   0.  31.   0.   7. 407.   2.   0.]
 [ 12.   1.   1.   4.   1.   8. 405.   5.]
 [  0.   0.   0.   0.  10.  74.   1. 367.]]
step420
{'acc': 0.8500837520938024, 'f1': 0.8478105098163592, 'micro_f1': 0.8500837520938024, 'test_loss': 0.6750555650464126}
Model train epoch:30,loss:0.03701530125856932,training_time:2.1361225806176662
[[373.  40.  16.   7.   0.   1.  11.   1.]
 [  3. 417.   7.   2.   0.   0.   4.   0.]
 [  9.  35. 407.   0.   0.   2.   1.   0.]
 [ 38.  69.   1. 326.  10.   1.   5.   0.]
 [  6.  14.   8.   4. 402.   7.   0.  19.]
 [ 10.   0.  39.   0.   0. 396.   0.   2.]
 [ 68.   0.   6.   0.   1.   0. 359.   3.]
 [  0.   0.   1.   0.   0.  11.   1. 439.]]
step434
{'acc': 0.8707426018983808, 'f1': 0.871724106825269, 'micro_f1': 0.8707426018983808, 'test_loss': 0.621210682338902}
Model train epoch:31,loss:0.03627192717976868,training_time:2.1339553855359554
[[377.  33.  10.  19.   2.   0.   7.   1.]
 [  5. 383.  14.  21.   7.   0.   3.   0.]
 [ 27.  13. 392.   0.   7.  10.   5.   0.]
 [ 21.  32.   1. 387.   6.   0.   3.   0.]
 [  2.   0.   0.   6. 445.   1.   3.   3.]
 [ 15.   0.   7.   0.  21. 403.   1.   0.]
 [ 79.   0.   0.   1.   0.   0. 356.   1.]
 [ 15.   0.   0.   1.   1.  10.   1. 424.]]
step448
{'acc': 0.884142936906756, 'f1': 0.8855310261002007, 'micro_f1': 0.884142936906756, 'test_loss': 0.4866001261398196}
Model train epoch:32,loss:0.01899418657246445,training_time:2.1269166134297848
[[368.  39.  11.  19.   0.   2.   9.   1.]
 [  2. 395.   9.  21.   2.   0.   4.   0.]
 [ 17.  22. 394.   0.   4.  13.   4.   0.]
 [ 19.  32.   2. 393.   2.   0.   2.   0.]
 [  1.   7.   0.  28. 398.   6.   8.  12.]
 [  6.   0.   7.   1.   5. 426.   1.   1.]
 [ 51.   0.   1.   2.   0.   1. 381.   1.]
 [  2.   0.   0.   1.   1.  10.   1. 437.]]
step462
{'acc': 0.8911222780569514, 'f1': 0.8916144819554914, 'micro_f1': 0.8911222780569515, 'test_loss': 0.5187825693615845}
Model train epoch:33,loss:0.009046209194431347,training_time:2.136206779628992
[[357.  34.  14.  16.   4.   1.  22.   1.]
 [  3. 404.  10.   6.   6.   0.   4.   0.]
 [ 13.  27. 395.   0.   4.  12.   3.   0.]
 [ 20.  43.   1. 360.  23.   0.   3.   0.]
 [  1.   0.   1.   5. 448.   1.   0.   4.]
 [  2.   0.  13.   0.  10. 420.   1.   1.]
 [ 37.   0.   2.   3.   4.   3. 387.   1.]
 [  1.   0.   0.   1.   2.  10.   1. 437.]]
step476
{'acc': 0.8955890563930765, 'f1': 0.8950669876367711, 'micro_f1': 0.8955890563930765, 'test_loss': 0.5058803063418184}
Model train epoch:34,loss:0.014228320489304938,training_time:2.1198053918778896
[[346.  37.  13.  17.   1.   1.  33.   1.]
 [  2. 407.  12.   6.   2.   0.   4.   0.]
 [ 18.  21. 387.   0.   2.  23.   3.   0.]
 [ 16.  47.   2. 370.   9.   0.   6.   0.]
 [  0.   3.   3.   5. 436.   3.   5.   5.]
 [  1.   0.   9.   0.   9. 424.   3.   1.]
 [ 31.   0.   0.   3.   1.   3. 396.   3.]
 [  2.   0.   0.   0.   2.  13.   1. 434.]]
step490
{'acc': 0.8933556672250139, 'f1': 0.8927452940360743, 'micro_f1': 0.8933556672250139, 'test_loss': 0.5179714623040387}
Model train epoch:35,loss:0.008819469092746399,training_time:2.1313791424036026
[[359.  34.   7.  32.   2.   1.  13.   1.]
 [  3. 397.  10.  17.   1.   0.   5.   0.]
 [ 33.  23. 388.   0.   3.   4.   3.   0.]
 [ 16.  34.   1. 394.   3.   0.   1.   1.]
 [  3.   5.   1.   9. 434.   1.   0.   7.]
 [  4.   0.  14.   1.  11. 388.   1.  28.]
 [ 35.   0.   0.   9.   0.   2. 374.  17.]
 [  1.   0.   0.   1.   1.   5.   1. 443.]]
step504
{'acc': 0.8869346733668342, 'f1': 0.8869594440042907, 'micro_f1': 0.8869346733668342, 'test_loss': 0.5402910520455667}
Model train epoch:36,loss:0.01294311270716467,training_time:2.117581535130739
[[365.  37.  10.  19.   4.   0.  13.   1.]
 [  2. 409.  12.   3.   2.   0.   5.   0.]
 [ 13.  19. 399.   0.   5.  17.   1.   0.]
 [ 19.  41.   1. 384.   4.   0.   1.   0.]
 [  0.   1.   0.  14. 441.   1.   0.   3.]
 [  0.   0.   8.   0.  16. 422.   1.   0.]
 [ 43.   0.   3.   5.   1.   7. 378.   0.]
 [  1.   0.   0.   8.   3.  14.   1. 425.]]
step518
{'acc': 0.8997766610831938, 'f1': 0.8997355002450214, 'micro_f1': 0.8997766610831938, 'test_loss': 0.4703099610550063}
Model train epoch:37,loss:0.02402270209443356,training_time:2.1239861212670803
[[388.  29.   9.  18.   3.   1.   0.   1.]
 [  5. 392.  16.  17.   1.   0.   2.   0.]
 [ 24.   9. 407.   0.   3.  11.   0.   0.]
 [ 23.  33.   1. 388.   4.   0.   0.   1.]
 [  2.   0.   0.   8. 436.   0.   0.  14.]
 [  5.   0.  10.   1.  11. 408.   0.  12.]
 [122.   0.   1.   4.   1.   7. 288.  14.]
 [  0.   0.   0.   0.   1.  10.   1. 440.]]
step532
{'acc': 0.8785594639865997, 'f1': 0.8779850290328606, 'micro_f1': 0.8785594639865997, 'test_loss': 0.6015002001076937}
Model train epoch:38,loss:0.06130987302666264,training_time:2.145531687885523
[[365.  35.  10.  15.   1.   2.  20.   1.]
 [  3. 405.  15.   1.   4.   0.   5.   0.]
 [ 26.  11. 378.   0.   1.  37.   1.   0.]
 [ 19.  68.   1. 349.   7.   3.   3.   0.]
 [  2.   1.   0.   3. 415.  18.   0.  21.]
 [  4.   0.   2.   0.   0. 424.   1.  16.]
 [ 40.   0.   0.   4.   1.   4. 380.   8.]
 [  0.   0.   0.   0.   0.  11.   1. 440.]]
step546
{'acc': 0.88107202680067, 'f1': 0.8808203024550203, 'micro_f1': 0.88107202680067, 'test_loss': 0.5553958599588701}
Model train epoch:39,loss:0.024800140843061463,training_time:2.126282162964344
[[392.  28.  14.   5.   0.   1.   9.   0.]
 [ 11. 393.  16.   3.   1.   0.   8.   1.]
 [ 23.  17. 403.   0.   0.   9.   2.   0.]
 [ 55.  44.   1. 339.   7.   2.   1.   1.]
 [  3.   0.   6.   4. 435.   4.   1.   7.]
 [  2.   0.  17.   0.   1. 415.   1.  11.]
 [ 56.   0.   1.   1.   0.   5. 369.   5.]
 [  0.   0.   1.   0.   2.  15.   1. 433.]]
step560
{'acc': 0.8874930206588498, 'f1': 0.8880931955316109, 'micro_f1': 0.8874930206588498, 'test_loss': 0.5336013383099011}
Model train epoch:40,loss:0.03551620304850595,training_time:2.140315394848585
[[381.  29.   7.  11.   0.   2.  18.   1.]
 [  4. 399.   5.  18.   2.   0.   5.   0.]
 [ 29.  38. 336.   0.   2.  44.   5.   0.]
 [ 36.  20.   1. 384.   6.   0.   3.   0.]
 [  3.   0.   0.   3. 444.   3.   1.   6.]
 [  2.   0.   2.   0.   5. 434.   2.   2.]
 [ 40.   0.   0.   1.   0.   6. 387.   3.]
 [  4.   0.   0.   1.   0.  16.   1. 430.]]
step574
{'acc': 0.8919597989949749, 'f1': 0.8915945811038343, 'micro_f1': 0.8919597989949749, 'test_loss': 0.47767490042107447}
Model train epoch:41,loss:0.05387545812741986,training_time:2.121294107288122
[[370.  39.   8.  11.   0.   1.  19.   1.]
 [  5. 413.   9.   3.   1.   0.   2.   0.]
 [ 26.  19. 396.   0.   2.   3.   8.   0.]
 [ 25.  69.   1. 345.   5.   0.   5.   0.]
 [  3.  13.   0.   3. 437.   3.   0.   1.]
 [  7.   0.  16.   0.  15. 408.   1.   0.]
 [ 50.   0.   0.   1.   1.   1. 384.   0.]
 [  7.   0.   0.   1.   1.  39.   1. 403.]]
step588
{'acc': 0.88107202680067, 'f1': 0.8820149123210451, 'micro_f1': 0.88107202680067, 'test_loss': 0.5537491523261581}
Model train epoch:42,loss:0.03121356220383729,training_time:2.131567280739546
[[372.  39.  11.  10.   5.   2.   9.   1.]
 [  3. 409.   8.   7.   3.   0.   3.   0.]
 [ 21.  30. 386.   0.   3.  13.   1.   0.]
 [ 28.  54.   3. 334.  24.   1.   6.   0.]
 [  1.   1.   2.   1. 427.  27.   0.   1.]
 [  6.   0.   4.   0.   3. 423.   1.  10.]
 [ 67.   0.   1.   1.   1.   2. 363.   2.]
 [  3.   0.   0.   0.   0.  14.   1. 434.]]
step602
{'acc': 0.8788386376326075, 'f1': 0.8789801772195764, 'micro_f1': 0.8788386376326075, 'test_loss': 0.6026516202837229}
Model train epoch:43,loss:0.010335170813570065,training_time:2.123353134840727
[[352.  35.  25.  19.   0.   3.  13.   2.]
 [  2. 380.  10.  36.   1.   0.   4.   0.]
 [  7.  23. 406.   0.   0.  17.   1.   0.]
 [ 14.  32.   2. 395.   2.   1.   4.   0.]
 [  1.   3.   3.   9. 405.  28.   1.  10.]
 [  1.   0.  13.   0.   0. 410.   1.  22.]
 [ 31.   0.   5.   4.   1.   7. 380.   9.]
 [  0.   0.   0.   0.   0.  11.   1. 440.]]
step616
{'acc': 0.8844221105527639, 'f1': 0.8841842856314304, 'micro_f1': 0.8844221105527639, 'test_loss': 0.5810352868866175}
Model train epoch:44,loss:0.019738776576040045,training_time:2.13199470192194
[[376.  23.   7.  24.   2.   1.  15.   1.]
 [  3. 364.   6.  52.   3.   0.   5.   0.]
 [ 29.  24. 365.   1.  13.  17.   5.   0.]
 [ 19.  26.   1. 395.   4.   0.   5.   0.]
 [  2.   1.   0.  11. 441.   0.   1.   4.]
 [  5.   0.   3.   0.  40. 375.   1.  23.]
 [ 46.   0.   1.   3.   1.   1. 376.   9.]
 [  1.   0.   0.   1.   4.   2.   1. 443.]]
step630
{'acc': 0.8752093802345059, 'f1': 0.8750089082053976, 'micro_f1': 0.8752093802345059, 'test_loss': 0.6018752403823393}
Model train epoch:45,loss:0.031606878453333466,training_time:2.1349580995738506
[[344.  38.  19.  27.   6.   2.  12.   1.]
 [  2. 393.   6.  23.   5.   0.   4.   0.]
 [  9.  28. 389.   0.   4.  23.   1.   0.]
 [ 12.  31.   1. 396.   5.   1.   4.   0.]
 [  2.   1.   0.   6. 442.   4.   0.   5.]
 [  0.   0.   6.   0.   1. 439.   1.   0.]
 [ 48.   0.   8.   3.   1.   7. 364.   6.]
 [  0.   0.   0.   1.   1.  15.   1. 434.]]
step644
{'acc': 0.8936348408710217, 'f1': 0.8927704222108592, 'micro_f1': 0.8936348408710217, 'test_loss': 0.5372158154579145}
Model train epoch:46,loss:0.04708734271116555,training_time:2.1333341114223003
[[364.  38.  11.  19.   4.   1.  12.   0.]
 [  2. 412.   7.   3.   4.   0.   5.   0.]
 [ 31.  23. 375.   0.   6.  13.   6.   0.]
 [ 23.  67.   1. 347.   8.   0.   2.   2.]
 [  2.   3.   0.   1. 448.   2.   0.   4.]
 [  9.   0.   7.   0.  11. 413.   1.   6.]
 [ 63.   0.   0.   2.   1.   1. 363.   7.]
 [  0.   0.   0.   1.   4.   8.   1. 438.]]
step658
{'acc': 0.8821887213847013, 'f1': 0.8823454130807378, 'micro_f1': 0.8821887213847013, 'test_loss': 0.5652366195406232}
Model train epoch:47,loss:0.01740864128805697,training_time:2.183717232197523
[[316.  38.  20.  17.   2.   3.  52.   1.]
 [  1. 411.   5.   8.   3.   0.   5.   0.]
 [  8.  36. 380.   0.   8.  15.   7.   0.]
 [ 23.  45.   1. 373.   4.   0.   4.   0.]
 [  1.   3.   0.   5. 446.   4.   0.   1.]
 [  1.   0.   8.   0.   8. 422.   7.   1.]
 [ 16.   0.   3.   3.   2.   3. 410.   0.]
 [ 13.   0.   0.   3.   4.  12.   2. 418.]]
step672
{'acc': 0.8866554997208264, 'f1': 0.8854792098321419, 'micro_f1': 0.8866554997208264, 'test_loss': 0.5499150505555528}
Model train epoch:48,loss:0.025376292311453393,training_time:2.1474062837660313
[[361.  33.  15.  18.   1.   2.  14.   5.]
 [  2. 406.   6.  10.   3.   1.   4.   1.]
 [ 18.  28. 370.   0.   3.  32.   3.   0.]
 [ 25.  35.   2. 378.   7.   0.   2.   1.]
 [  1.   0.   0.   3. 440.   5.   1.  10.]
 [  1.   0.   2.   0.   2. 430.   1.  11.]
 [ 27.   0.   3.   5.   1.   6. 385.  10.]
 [  0.   0.   0.   0.   0.  11.   1. 440.]]
step686
{'acc': 0.8961474036850922, 'f1': 0.8954266526554306, 'micro_f1': 0.8961474036850922, 'test_loss': 0.5284281548644815}
Model train epoch:49,loss:0.013913536327891052,training_time:2.1440207101404667
[[363.  39.  13.  21.   2.   0.  10.   1.]
 [  2. 412.   8.   5.   2.   0.   4.   0.]
 [ 26.  30. 384.   0.   2.  10.   2.   0.]
 [ 21.  48.   1. 371.   7.   0.   2.   0.]
 [  2.   1.   2.   7. 442.   1.   1.   4.]
 [  9.   0.   9.   0.   5. 418.   1.   5.]
 [ 49.   0.   1.  10.   1.   2. 372.   2.]
 [  3.   0.   0.   7.   2.  11.   1. 428.]]
step700
{'acc': 0.8905639307649358, 'f1': 0.8910197164383864, 'micro_f1': 0.8905639307649358, 'test_loss': 0.5440429973282984}
Model train epoch:50,loss:0.004128578318549054,training_time:2.149968456476927
[[369.  37.  13.  17.   1.   1.  10.   1.]
 [  2. 413.   6.   4.   2.   1.   5.   0.]
 [ 19.  29. 373.   0.   0.  31.   2.   0.]
 [ 25.  45.   1. 370.   7.   0.   2.   0.]
 [  1.   1.   1.   7. 425.  13.   1.  11.]
 [  1.   0.   0.   0.   2. 437.   1.   6.]
 [ 46.   0.   1.   5.   1.   6. 370.   8.]
 [  0.   0.   0.   1.   0.  13.   1. 437.]]
step714
{'acc': 0.8916806253489671, 'f1': 0.891495641137496, 'micro_f1': 0.8916806253489671, 'test_loss': 0.5690087825059891}
Model train epoch:51,loss:0.0024967330557826373,training_time:2.126757401973009
[[366.  39.  14.  14.   1.   1.  13.   1.]
 [  2. 416.   6.   1.   3.   1.   4.   0.]
 [ 17.  28. 377.   0.   2.  28.   2.   0.]
 [ 28.  48.   1. 363.   8.   0.   2.   0.]
 [  1.   2.   1.   6. 433.   7.   0.  10.]
 [  2.   0.   1.   0.   2. 436.   1.   5.]
 [ 41.   0.   1.   5.   1.   5. 377.   7.]
 [  0.   0.   0.   0.   0.  14.   1. 437.]]
step728
{'acc': 0.894751535455053, 'f1': 0.8944854204380714, 'micro_f1': 0.894751535455053, 'test_loss': 0.5608128543410983}
Model train epoch:52,loss:0.0012757217794257616,training_time:2.1175043396651745
[[364.  39.  15.  14.   1.   1.  14.   1.]
 [  2. 417.   6.   1.   3.   0.   4.   0.]
 [ 19.  30. 391.   0.   2.  10.   2.   0.]
 [ 28.  49.   1. 362.   8.   0.   2.   0.]
 [  2.   4.   1.   7. 438.   3.   0.   5.]
 [  5.   0.   8.   0.   4. 425.   1.   4.]
 [ 40.   0.   3.   5.   1.   4. 379.   5.]
 [  2.   0.   0.   1.   2.  13.   1. 433.]]
step742
{'acc': 0.8958682300390843, 'f1': 0.8959773205802907, 'micro_f1': 0.8958682300390843, 'test_loss': 0.5518536775239876}
Model train epoch:53,loss:0.0006046393058828212,training_time:2.1407734118402004
[[364.  39.  15.  14.   1.   1.  14.   1.]
 [  2. 417.   6.   1.   3.   0.   4.   0.]
 [ 18.  29. 392.   0.   3.  10.   2.   0.]
 [ 26.  49.   1. 364.   8.   0.   2.   0.]
 [  2.   3.   1.   7. 439.   3.   0.   5.]
 [  5.   0.   8.   0.   4. 425.   1.   4.]
 [ 38.   0.   3.   5.   1.   4. 381.   5.]
 [  2.   0.   0.   1.   3.  12.   1. 433.]]
step756
{'acc': 0.8975432719151312, 'f1': 0.897585165722539, 'micro_f1': 0.8975432719151312, 'test_loss': 0.5528173851115363}
Model train epoch:54,loss:0.0005051738283197794,training_time:2.13285980373621
[[364.  39.  15.  14.   1.   1.  14.   1.]
 [  2. 417.   6.   1.   3.   0.   4.   0.]
 [ 17.  29. 393.   0.   3.  10.   2.   0.]
 [ 25.  48.   1. 366.   8.   0.   2.   0.]
 [  1.   3.   1.   6. 440.   4.   0.   5.]
 [  5.   0.   7.   0.   4. 425.   1.   5.]
 [ 36.   0.   3.   6.   1.   4. 381.   6.]
 [  1.   0.   0.   1.   3.  12.   1. 434.]]
step770
{'acc': 0.8989391401451703, 'f1': 0.8988747966340932, 'micro_f1': 0.8989391401451703, 'test_loss': 0.5548230013144868}
Model train epoch:55,loss:0.0004136685726864796,training_time:2.121519286185503
[[363.  39.  16.  14.   1.   1.  14.   1.]
 [  2. 416.   7.   1.   3.   0.   4.   0.]
 [ 15.  28. 394.   0.   3.  12.   2.   0.]
 [ 23.  45.   1. 371.   8.   0.   2.   0.]
 [  1.   2.   1.   7. 438.   4.   0.   7.]
 [  4.   0.   6.   0.   4. 426.   1.   6.]
 [ 37.   0.   3.   6.   1.   4. 380.   6.]
 [  0.   0.   0.   1.   3.  11.   1. 436.]]
step784
{'acc': 0.9000558347292016, 'f1': 0.8998784450382875, 'micro_f1': 0.9000558347292016, 'test_loss': 0.5562601714794125}
Model train epoch:56,loss:0.0003973007031683145,training_time:2.1300274170935154
[[363.  39.  16.  14.   1.   1.  14.   1.]
 [  2. 416.   7.   1.   3.   0.   4.   0.]
 [ 15.  28. 394.   0.   3.  12.   2.   0.]
 [ 23.  46.   1. 370.   8.   0.   2.   0.]
 [  1.   2.   1.   6. 440.   4.   0.   6.]
 [  4.   0.   6.   0.   4. 426.   1.   6.]
 [ 37.   0.   3.   6.   1.   4. 380.   6.]
 [  0.   0.   0.   1.   3.  11.   1. 436.]]
step798
{'acc': 0.9003350083752094, 'f1': 0.9001454005487569, 'micro_f1': 0.9003350083752094, 'test_loss': 0.5601532334195716}
Model train epoch:57,loss:0.00034446725476300344,training_time:2.1169339790940285
[[364.  39.  15.  14.   1.   1.  14.   1.]
 [  2. 416.   7.   1.   3.   0.   4.   0.]
 [ 16.  28. 392.   0.   3.  13.   2.   0.]
 [ 23.  46.   1. 370.   8.   0.   2.   0.]
 [  1.   2.   1.   6. 439.   4.   0.   7.]
 [  4.   0.   5.   0.   4. 427.   1.   6.]
 [ 38.   0.   3.   6.   1.   4. 379.   6.]
 [  0.   0.   0.   1.   3.  11.   1. 436.]]
step812
{'acc': 0.8997766610831938, 'f1': 0.8996026727215032, 'micro_f1': 0.8997766610831938, 'test_loss': 0.5641179004950183}
Model train epoch:58,loss:0.0003089901032840966,training_time:2.1560163125395775
[[365.  39.  15.  14.   1.   1.  13.   1.]
 [  2. 416.   7.   1.   3.   0.   4.   0.]
 [ 16.  28. 392.   0.   3.  13.   2.   0.]
 [ 23.  45.   1. 371.   8.   0.   2.   0.]
 [  1.   2.   1.   6. 440.   4.   0.   6.]
 [  4.   0.   5.   0.   4. 427.   1.   6.]
 [ 38.   0.   3.   6.   1.   4. 379.   6.]
 [  0.   0.   0.   1.   3.  11.   1. 436.]]
step826
{'acc': 0.9006141820212172, 'f1': 0.9004547955571882, 'micro_f1': 0.9006141820212172, 'test_loss': 0.5667119646178824}
saving model of step826
Model train epoch:59,loss:0.00030710925368891494,training_time:2.2289207205176353
[[365.  39.  15.  14.   1.   1.  13.   1.]
 [  2. 415.   7.   2.   3.   0.   4.   0.]
 [ 16.  28. 391.   0.   3.  14.   2.   0.]
 [ 23.  45.   1. 371.   8.   0.   2.   0.]
 [  1.   1.   1.   7. 438.   4.   1.   7.]
 [  4.   0.   5.   0.   4. 427.   1.   6.]
 [ 38.   0.   3.   6.   1.   4. 379.   6.]
 [  0.   0.   0.   1.   3.  11.   1. 436.]]
step840
{'acc': 0.8994974874371859, 'f1': 0.8993243618392363, 'micro_f1': 0.8994974874371859, 'test_loss': 0.5683057209742921}
Model train epoch:60,loss:0.00029073241395443413,training_time:2.132931210100651
[[365.  39.  15.  14.   1.   1.  13.   1.]
 [  2. 415.   7.   2.   3.   0.   4.   0.]
 [ 16.  28. 391.   0.   3.  14.   2.   0.]
 [ 23.  45.   1. 371.   8.   0.   2.   0.]
 [  1.   1.   1.   7. 439.   4.   1.   6.]
 [  4.   0.   5.   0.   4. 428.   1.   5.]
 [ 38.   0.   3.   6.   1.   4. 379.   6.]
 [  0.   0.   0.   1.   3.  11.   1. 436.]]
step854
{'acc': 0.9000558347292016, 'f1': 0.8998772506454196, 'micro_f1': 0.9000558347292016, 'test_loss': 0.5705643588943141}
Model train epoch:61,loss:0.00026785208319779485,training_time:2.131476603448391
[[364.  40.  15.  14.   1.   1.  13.   1.]
 [  2. 415.   7.   2.   3.   0.   4.   0.]
 [ 16.  28. 391.   0.   3.  14.   2.   0.]
 [ 23.  45.   1. 371.   8.   0.   2.   0.]
 [  1.   1.   1.   7. 440.   4.   1.   5.]
 [  4.   0.   5.   0.   4. 428.   1.   5.]
 [ 39.   0.   3.   6.   1.   4. 378.   6.]
 [  0.   0.   0.   1.   2.  11.   1. 437.]]
step868
{'acc': 0.9000558347292016, 'f1': 0.8998701862178125, 'micro_f1': 0.9000558347292016, 'test_loss': 0.5731237429593291}
Model train epoch:62,loss:0.0002522404434525275,training_time:2.1185439117252827
[[364.  40.  15.  14.   1.   1.  13.   1.]
 [  2. 416.   7.   1.   3.   0.   4.   0.]
 [ 16.  28. 391.   0.   3.  14.   2.   0.]
 [ 23.  45.   1. 371.   8.   0.   2.   0.]
 [  1.   1.   1.   7. 440.   4.   1.   5.]
 [  4.   0.   5.   0.   4. 428.   1.   5.]
 [ 39.   0.   3.   6.   1.   4. 378.   6.]
 [  0.   0.   0.   1.   2.  11.   1. 437.]]
step882
{'acc': 0.9003350083752094, 'f1': 0.9001460225351909, 'micro_f1': 0.9003350083752094, 'test_loss': 0.5758709069341421}
Model train epoch:63,loss:0.00024520628565889116,training_time:2.1287911981344223
[[364.  40.  15.  14.   1.   1.  13.   1.]
 [  2. 416.   7.   1.   3.   0.   4.   0.]
 [ 16.  28. 391.   0.   3.  14.   2.   0.]
 [ 23.  45.   1. 371.   8.   0.   2.   0.]
 [  1.   1.   1.   6. 441.   4.   1.   5.]
 [  4.   0.   5.   0.   5. 427.   1.   5.]
 [ 39.   0.   3.   6.   1.   4. 378.   6.]
 [  0.   0.   0.   1.   2.  11.   1. 437.]]
step896
{'acc': 0.9003350083752094, 'f1': 0.900141180546634, 'micro_f1': 0.9003350083752094, 'test_loss': 0.5781856048852205}
Model train epoch:64,loss:0.00023501171069386016,training_time:2.1233690343797207
[[365.  40.  15.  14.   1.   1.  12.   1.]
 [  2. 414.   7.   3.   3.   0.   4.   0.]
 [ 16.  29. 390.   0.   3.  14.   2.   0.]
 [ 23.  45.   1. 371.   8.   0.   2.   0.]
 [  1.   1.   1.   7. 439.   4.   1.   6.]
 [  4.   0.   5.   0.   5. 427.   1.   5.]
 [ 39.   0.   3.   6.   1.   4. 378.   6.]
 [  0.   0.   0.   1.   2.  11.   1. 437.]]
step910
{'acc': 0.8992183137911781, 'f1': 0.8990742208842109, 'micro_f1': 0.8992183137911781, 'test_loss': 0.5790748950093985}
Model train epoch:65,loss:0.00023997940089819686,training_time:2.137355998158455
[[365.  40.  15.  14.   1.   1.  12.   1.]
 [  2. 414.   7.   3.   3.   0.   4.   0.]
 [ 16.  28. 391.   0.   3.  14.   2.   0.]
 [ 23.  45.   1. 371.   8.   0.   2.   0.]
 [  1.   1.   1.   7. 440.   4.   1.   5.]
 [  4.   0.   5.   0.   5. 427.   1.   5.]
 [ 39.   0.   3.   6.   1.   4. 378.   6.]
 [  0.   0.   0.   1.   2.  11.   1. 437.]]
step924
{'acc': 0.8997766610831938, 'f1': 0.8996191668649667, 'micro_f1': 0.8997766610831938, 'test_loss': 0.5807046813092062}
Model train epoch:66,loss:0.00021890003491924808,training_time:2.140907298773527
[[365.  40.  15.  14.   1.   1.  12.   1.]
 [  2. 414.   7.   3.   3.   0.   4.   0.]
 [ 15.  29. 390.   0.   3.  15.   2.   0.]
 [ 22.  46.   1. 371.   8.   0.   2.   0.]
 [  1.   1.   1.   7. 440.   4.   1.   5.]
 [  4.   0.   5.   0.   5. 427.   1.   5.]
 [ 39.   0.   3.   6.   1.   4. 378.   6.]
 [  0.   0.   0.   1.   2.  11.   1. 437.]]
step938
{'acc': 0.8994974874371859, 'f1': 0.8993343169939401, 'micro_f1': 0.8994974874371859, 'test_loss': 0.5826865932238954}
Model train epoch:67,loss:0.0002095438228155087,training_time:2.152256067842245
[[365.  40.  15.  14.   1.   1.  12.   1.]
 [  2. 415.   7.   2.   3.   0.   4.   0.]
 [ 15.  29. 391.   0.   3.  14.   2.   0.]
 [ 22.  46.   1. 371.   8.   0.   2.   0.]
 [  1.   1.   1.   7. 440.   4.   1.   5.]
 [  4.   0.   5.   0.   5. 428.   1.   4.]
 [ 40.   0.   3.   5.   1.   4. 378.   6.]
 [  0.   0.   0.   1.   2.  11.   1. 437.]]
step952
{'acc': 0.9003350083752094, 'f1': 0.9001914465043155, 'micro_f1': 0.9003350083752094, 'test_loss': 0.5838628496442523}
Model train epoch:68,loss:0.0002010262750055907,training_time:2.1607632003724575
[[365.  40.  15.  14.   1.   1.  12.   1.]
 [  2. 415.   7.   2.   3.   0.   4.   0.]
 [ 15.  29. 391.   0.   3.  14.   2.   0.]
 [ 22.  46.   1. 371.   8.   0.   2.   0.]
 [  1.   1.   1.   7. 440.   4.   1.   5.]
 [  4.   0.   5.   0.   5. 428.   1.   4.]
 [ 40.   0.   3.   5.   1.   4. 378.   6.]
 [  0.   0.   0.   1.   2.  11.   1. 437.]]
step966
{'acc': 0.9003350083752094, 'f1': 0.9001914465043155, 'micro_f1': 0.9003350083752094, 'test_loss': 0.5857750371630702}
Model train epoch:69,loss:0.00021048699792507769,training_time:2.1747030541300774
[[365.  40.  15.  14.   1.   1.  12.   1.]
 [  2. 415.   7.   2.   3.   0.   4.   0.]
 [ 15.  29. 390.   0.   3.  14.   3.   0.]
 [ 22.  46.   1. 371.   8.   0.   2.   0.]
 [  1.   1.   1.   7. 440.   4.   1.   5.]
 [  4.   0.   5.   0.   5. 428.   1.   4.]
 [ 40.   0.   3.   5.   1.   4. 378.   6.]
 [  0.   0.   0.   1.   2.  11.   1. 437.]]
step980
{'acc': 0.9000558347292016, 'f1': 0.8998988870528791, 'micro_f1': 0.9000558347292016, 'test_loss': 0.587344279512763}
Model train epoch:70,loss:0.00018971278352962275,training_time:2.1369416564702988
[[365.  40.  15.  14.   1.   1.  12.   1.]
 [  2. 415.   7.   2.   3.   0.   4.   0.]
 [ 15.  29. 390.   0.   3.  14.   3.   0.]
 [ 22.  46.   1. 371.   8.   0.   2.   0.]
 [  1.   1.   1.   7. 440.   4.   1.   5.]
 [  4.   0.   5.   0.   5. 428.   1.   4.]
 [ 40.   0.   3.   5.   1.   4. 378.   6.]
 [  0.   0.   0.   1.   2.  11.   1. 437.]]
step994
{'acc': 0.9000558347292016, 'f1': 0.8998988870528791, 'micro_f1': 0.9000558347292016, 'test_loss': 0.5886071819279876}
Model train epoch:71,loss:0.00019950344514135004,training_time:2.1338548958301544
[[366.  40.  15.  14.   1.   1.  11.   1.]
 [  2. 415.   7.   2.   3.   0.   4.   0.]
 [ 15.  29. 391.   0.   3.  14.   2.   0.]
 [ 22.  46.   1. 371.   8.   0.   2.   0.]
 [  1.   1.   1.   7. 440.   4.   1.   5.]
 [  4.   0.   5.   0.   5. 427.   1.   5.]
 [ 40.   0.   3.   5.   1.   4. 378.   6.]
 [  0.   0.   0.   1.   2.  11.   1. 437.]]
step1008
{'acc': 0.9003350083752094, 'f1': 0.9002122968788293, 'micro_f1': 0.9003350083752094, 'test_loss': 0.5894859435835055}
Model train epoch:72,loss:0.000182773032325453,training_time:2.1413484439253807
[[366.  40.  15.  14.   1.   1.  11.   1.]
 [  2. 415.   7.   2.   3.   0.   4.   0.]
 [ 16.  29. 391.   0.   3.  13.   2.   0.]
 [ 22.  46.   1. 371.   8.   0.   2.   0.]
 [  1.   1.   1.   7. 440.   4.   1.   5.]
 [  4.   0.   5.   0.   5. 427.   1.   5.]
 [ 40.   0.   3.   5.   1.   4. 378.   6.]
 [  0.   0.   0.   1.   2.  11.   1. 437.]]
step1022
{'acc': 0.9003350083752094, 'f1': 0.9002288290769469, 'micro_f1': 0.9003350083752094, 'test_loss': 0.5909722960953202}
Model train epoch:73,loss:0.00018216098136950417,training_time:2.13072394952178
[[366.  40.  15.  14.   1.   1.  11.   1.]
 [  2. 415.   7.   2.   3.   0.   4.   0.]
 [ 16.  29. 391.   0.   3.  13.   2.   0.]
 [ 22.  46.   1. 371.   8.   0.   2.   0.]
 [  1.   1.   1.   7. 440.   4.   1.   5.]
 [  4.   0.   5.   0.   5. 427.   1.   5.]
 [ 40.   0.   3.   5.   1.   4. 378.   6.]
 [  0.   0.   0.   1.   2.  11.   1. 437.]]
step1036
{'acc': 0.9003350083752094, 'f1': 0.9002288290769469, 'micro_f1': 0.9003350083752094, 'test_loss': 0.5925696846097708}
Model train epoch:74,loss:0.00016704683886408539,training_time:2.1745008043944836
[[366.  40.  15.  14.   1.   1.  11.   1.]
 [  2. 416.   7.   1.   3.   0.   4.   0.]
 [ 16.  29. 390.   0.   3.  13.   3.   0.]
 [ 22.  49.   1. 368.   8.   0.   2.   0.]
 [  1.   1.   1.   7. 440.   4.   1.   5.]
 [  4.   0.   5.   0.   5. 427.   1.   5.]
 [ 40.   0.   3.   5.   1.   4. 378.   6.]
 [  0.   0.   0.   1.   2.  11.   1. 437.]]
step1050
{'acc': 0.8994974874371859, 'f1': 0.8993788815184749, 'micro_f1': 0.8994974874371859, 'test_loss': 0.5940471320812192}
Model train epoch:75,loss:0.0001643960692620437,training_time:2.138313177973032
[[366.  40.  15.  14.   1.   1.  11.   1.]
 [  2. 416.   7.   1.   3.   0.   4.   0.]
 [ 15.  29. 390.   0.   3.  14.   3.   0.]
 [ 22.  49.   1. 368.   8.   0.   2.   0.]
 [  1.   1.   1.   7. 440.   4.   1.   5.]
 [  3.   0.   5.   0.   5. 427.   1.   6.]
 [ 40.   0.   3.   5.   1.   4. 378.   6.]
 [  0.   0.   0.   1.   2.  11.   1. 437.]]
step1064
{'acc': 0.8994974874371859, 'f1': 0.8993427405339005, 'micro_f1': 0.8994974874371859, 'test_loss': 0.5955334473401308}
Model train epoch:76,loss:0.00016756463342712129,training_time:2.138020783662796
[[366.  40.  15.  14.   1.   1.  11.   1.]
 [  2. 416.   7.   1.   3.   0.   4.   0.]
 [ 14.  29. 391.   0.   3.  14.   3.   0.]
 [ 22.  49.   1. 368.   8.   0.   2.   0.]
 [  1.   1.   1.   7. 441.   3.   1.   5.]
 [  3.   0.   5.   0.   5. 427.   1.   6.]
 [ 40.   0.   3.   5.   1.   4. 378.   6.]
 [  0.   0.   0.   0.   3.  11.   1. 437.]]
step1078
{'acc': 0.9000558347292016, 'f1': 0.899885391642528, 'micro_f1': 0.9000558347292016, 'test_loss': 0.5965658067060369}
Model train epoch:77,loss:0.00016053851140895858,training_time:2.158200353384018
[[366.  40.  15.  14.   1.   1.  11.   1.]
 [  2. 416.   7.   1.   3.   0.   4.   0.]
 [ 14.  29. 391.   0.   3.  14.   3.   0.]
 [ 22.  49.   1. 368.   8.   0.   2.   0.]
 [  1.   1.   1.   7. 441.   3.   1.   5.]
 [  3.   0.   5.   0.   5. 428.   1.   5.]
 [ 40.   0.   3.   5.   1.   4. 378.   6.]
 [  0.   0.   0.   0.   3.  11.   1. 437.]]
step1092
{'acc': 0.9003350083752094, 'f1': 0.9001640504950867, 'micro_f1': 0.9003350083752094, 'test_loss': 0.5977411147739206}
Model train epoch:78,loss:0.0001600490026508591,training_time:2.1423165686428547
[[366.  40.  15.  14.   1.   1.  11.   1.]
 [  2. 416.   7.   1.   3.   0.   4.   0.]
 [ 14.  29. 391.   0.   3.  14.   3.   0.]
 [ 22.  49.   1. 368.   8.   0.   2.   0.]
 [  1.   1.   1.   7. 441.   3.   1.   5.]
 [  3.   0.   5.   0.   5. 428.   1.   5.]
 [ 40.   0.   3.   5.   1.   4. 378.   6.]
 [  0.   0.   0.   0.   3.  11.   1. 437.]]
step1106
{'acc': 0.9003350083752094, 'f1': 0.9001640504950867, 'micro_f1': 0.9003350083752094, 'test_loss': 0.598848304312144}
Model train epoch:79,loss:0.0001513126506844336,training_time:2.160650536417961
[[366.  40.  15.  14.   1.   1.  11.   1.]
 [  2. 416.   7.   1.   3.   0.   4.   0.]
 [ 14.  28. 392.   0.   3.  14.   3.   0.]
 [ 22.  49.   1. 368.   8.   0.   2.   0.]
 [  1.   1.   1.   7. 441.   3.   1.   5.]
 [  3.   0.   5.   0.   5. 428.   1.   5.]
 [ 40.   0.   3.   5.   1.   4. 378.   6.]
 [  0.   0.   0.   0.   3.  11.   1. 437.]]
step1120
{'acc': 0.9006141820212172, 'f1': 0.9004329459371744, 'micro_f1': 0.9006141820212172, 'test_loss': 0.5992537782128368}
saving model of step1120
Model train epoch:80,loss:0.00015769370033272674,training_time:2.160133447498083
[[366.  40.  15.  14.   1.   1.  11.   1.]
 [  2. 416.   7.   1.   3.   0.   4.   0.]
 [ 15.  28. 392.   0.   3.  13.   3.   0.]
 [ 22.  49.   1. 368.   8.   0.   2.   0.]
 [  1.   1.   1.   7. 441.   3.   1.   5.]
 [  3.   0.   5.   0.   5. 428.   1.   5.]
 [ 40.   0.   3.   5.   1.   4. 378.   6.]
 [  0.   0.   0.   0.   3.  11.   1. 437.]]
step1134
{'acc': 0.9006141820212172, 'f1': 0.9004492771190652, 'micro_f1': 0.9006141820212172, 'test_loss': 0.6007917648447412}
saving model of step1134
Model train epoch:81,loss:0.0001558393975886117,training_time:2.1623706556856632
[[365.  41.  15.  14.   1.   1.  11.   1.]
 [  2. 416.   7.   1.   3.   0.   4.   0.]
 [ 15.  28. 391.   0.   3.  14.   3.   0.]
 [ 22.  49.   1. 368.   8.   0.   2.   0.]
 [  1.   1.   1.   7. 441.   3.   1.   5.]
 [  3.   0.   5.   0.   5. 428.   1.   5.]
 [ 40.   0.   3.   5.   1.   4. 378.   6.]
 [  0.   0.   0.   0.   3.  11.   1. 437.]]
step1148
{'acc': 0.9000558347292016, 'f1': 0.8998853436946408, 'micro_f1': 0.9000558347292016, 'test_loss': 0.6016329425786223}
Model train epoch:82,loss:0.0001419431381301755,training_time:2.146928533911705
[[365.  41.  15.  14.   1.   1.  11.   1.]
 [  2. 416.   7.   1.   3.   0.   4.   0.]
 [ 15.  28. 391.   0.   3.  14.   3.   0.]
 [ 22.  49.   1. 368.   8.   0.   2.   0.]
 [  1.   1.   1.   7. 441.   3.   1.   5.]
 [  3.   0.   5.   0.   5. 428.   1.   5.]
 [ 40.   0.   3.   5.   1.   4. 378.   6.]
 [  0.   0.   0.   0.   3.  11.   1. 437.]]
step1162
{'acc': 0.9000558347292016, 'f1': 0.8998853436946408, 'micro_f1': 0.9000558347292016, 'test_loss': 0.602529051048415}
Model train epoch:83,loss:0.00013677016457742347,training_time:2.137389227747917
[[365.  41.  15.  14.   1.   1.  11.   1.]
 [  2. 416.   7.   1.   3.   0.   4.   0.]
 [ 15.  28. 391.   0.   3.  14.   3.   0.]
 [ 22.  49.   1. 368.   8.   0.   2.   0.]
 [  1.   1.   1.   7. 441.   3.   1.   5.]
 [  3.   0.   5.   0.   5. 428.   1.   5.]
 [ 40.   0.   3.   5.   1.   4. 378.   6.]
 [  0.   0.   0.   0.   3.  11.   1. 437.]]
step1176
{'acc': 0.9000558347292016, 'f1': 0.8998853436946408, 'micro_f1': 0.9000558347292016, 'test_loss': 0.6033024447304862}
Model train epoch:84,loss:0.0001365218319863613,training_time:2.147853508591652
[[365.  41.  15.  14.   1.   1.  11.   1.]
 [  2. 416.   7.   1.   3.   0.   4.   0.]
 [ 15.  29. 390.   0.   3.  14.   3.   0.]
 [ 22.  49.   1. 368.   8.   0.   2.   0.]
 [  1.   1.   1.   7. 441.   3.   1.   5.]
 [  3.   0.   5.   0.   5. 428.   1.   5.]
 [ 40.   0.   3.   5.   1.   4. 378.   6.]
 [  0.   0.   0.   0.   3.  11.   1. 437.]]
step1190
{'acc': 0.8997766610831938, 'f1': 0.899616317316957, 'micro_f1': 0.8997766610831938, 'test_loss': 0.6042673398873636}
Model train epoch:85,loss:0.0001315123429646649,training_time:2.129991251975298
[[365.  41.  15.  14.   1.   1.  11.   1.]
 [  2. 416.   7.   1.   3.   0.   4.   0.]
 [ 15.  28. 391.   0.   3.  14.   3.   0.]
 [ 22.  49.   1. 368.   8.   0.   2.   0.]
 [  1.   1.   1.   7. 441.   3.   1.   5.]
 [  3.   0.   5.   0.   5. 428.   1.   5.]
 [ 41.   0.   3.   5.   1.   4. 378.   5.]
 [  0.   0.   0.   0.   3.  11.   1. 437.]]
step1204
{'acc': 0.9000558347292016, 'f1': 0.8999053039454512, 'micro_f1': 0.9000558347292016, 'test_loss': 0.6051122902759484}
Model train epoch:86,loss:0.00013276340489807938,training_time:2.1362729109823704
[[365.  41.  15.  14.   1.   1.  11.   1.]
 [  2. 416.   7.   1.   3.   0.   4.   0.]
 [ 15.  28. 391.   0.   3.  14.   3.   0.]
 [ 22.  49.   1. 368.   8.   0.   2.   0.]
 [  1.   1.   1.   7. 441.   3.   1.   5.]
 [  3.   0.   5.   0.   5. 428.   1.   5.]
 [ 41.   0.   3.   5.   1.   4. 378.   5.]
 [  0.   0.   0.   0.   3.  11.   1. 437.]]
step1218
{'acc': 0.9000558347292016, 'f1': 0.8999053039454512, 'micro_f1': 0.9000558347292016, 'test_loss': 0.6061808041163853}
Model train epoch:87,loss:0.00013866469920945486,training_time:2.1399243623018265
[[365.  41.  15.  14.   1.   1.  11.   1.]
 [  2. 416.   7.   1.   3.   0.   4.   0.]
 [ 15.  28. 391.   0.   3.  14.   3.   0.]
 [ 22.  49.   1. 368.   8.   0.   2.   0.]
 [  1.   1.   1.   7. 441.   3.   1.   5.]
 [  3.   0.   5.   0.   5. 428.   1.   5.]
 [ 40.   0.   3.   5.   1.   4. 378.   6.]
 [  0.   0.   0.   0.   3.  11.   1. 437.]]
step1232
{'acc': 0.9000558347292016, 'f1': 0.8998853436946408, 'micro_f1': 0.9000558347292016, 'test_loss': 0.6072337914790426}
Model train epoch:88,loss:0.00012813565730799122,training_time:2.148768149316311
[[365.  41.  15.  14.   1.   1.  11.   1.]
 [  2. 416.   7.   1.   3.   0.   4.   0.]
 [ 15.  28. 392.   0.   3.  13.   3.   0.]
 [ 22.  49.   1. 368.   8.   0.   2.   0.]
 [  1.   1.   1.   7. 441.   3.   1.   5.]
 [  3.   0.   5.   0.   5. 428.   1.   5.]
 [ 41.   0.   3.   5.   1.   4. 378.   5.]
 [  0.   0.   0.   0.   3.  11.   1. 437.]]
step1246
{'acc': 0.9003350083752094, 'f1': 0.9001930193004305, 'micro_f1': 0.9003350083752094, 'test_loss': 0.6083862198782819}
Model train epoch:89,loss:0.00012523891408428817,training_time:2.145694974809885
[[365.  41.  15.  14.   1.   1.  11.   1.]
 [  2. 416.   7.   1.   3.   0.   4.   0.]
 [ 15.  28. 391.   0.   3.  14.   3.   0.]
 [ 22.  49.   1. 368.   8.   0.   2.   0.]
 [  1.   1.   1.   7. 441.   3.   1.   5.]
 [  3.   0.   5.   0.   5. 428.   1.   5.]
 [ 40.   0.   3.   5.   1.   4. 378.   6.]
 [  0.   0.   0.   0.   3.  11.   1. 437.]]
step1260
{'acc': 0.9000558347292016, 'f1': 0.8998853436946408, 'micro_f1': 0.9000558347292016, 'test_loss': 0.609390105519976}
Model train epoch:90,loss:0.00012801191977424814,training_time:2.1113526448607445
[[365.  41.  15.  14.   1.   1.  11.   1.]
 [  2. 415.   8.   1.   3.   0.   4.   0.]
 [ 15.  28. 392.   0.   3.  13.   3.   0.]
 [ 22.  49.   1. 368.   8.   0.   2.   0.]
 [  1.   1.   1.   7. 441.   3.   1.   5.]
 [  3.   0.   5.   0.   5. 428.   1.   5.]
 [ 41.   0.   3.   5.   1.   4. 378.   5.]
 [  0.   0.   0.   0.   3.  11.   1. 437.]]
step1274
{'acc': 0.9000558347292016, 'f1': 0.8999186100708891, 'micro_f1': 0.9000558347292016, 'test_loss': 0.6098364522414548}
Model train epoch:91,loss:0.00012356664852372238,training_time:2.1251544058322906
[[364.  41.  16.  14.   1.   1.  11.   1.]
 [  2. 415.   8.   1.   3.   0.   4.   0.]
 [ 15.  28. 392.   0.   3.  13.   3.   0.]
 [ 22.  49.   1. 368.   8.   0.   2.   0.]
 [  1.   1.   1.   7. 441.   3.   1.   5.]
 [  3.   0.   5.   0.   5. 428.   1.   5.]
 [ 41.   0.   3.   5.   1.   4. 378.   5.]
 [  0.   0.   0.   0.   3.  11.   1. 437.]]
step1288
{'acc': 0.8997766610831938, 'f1': 0.8996264925446318, 'micro_f1': 0.8997766610831938, 'test_loss': 0.6105437547500644}
Model train epoch:92,loss:0.00012145438293893156,training_time:2.108953032642603
[[364.  41.  16.  14.   1.   1.  11.   1.]
 [  2. 415.   8.   1.   3.   0.   4.   0.]
 [ 15.  28. 392.   0.   3.  13.   3.   0.]
 [ 22.  49.   1. 368.   8.   0.   2.   0.]
 [  1.   1.   1.   7. 441.   3.   1.   5.]
 [  3.   0.   5.   0.   5. 428.   1.   5.]
 [ 41.   0.   3.   5.   1.   4. 378.   5.]
 [  0.   0.   0.   0.   3.  11.   1. 437.]]
step1302
{'acc': 0.8997766610831938, 'f1': 0.8996264925446318, 'micro_f1': 0.8997766610831938, 'test_loss': 0.6110412345400879}
Model train epoch:93,loss:0.00011889412417076528,training_time:2.1298463940620422
[[364.  41.  16.  14.   1.   1.  11.   1.]
 [  2. 414.   8.   2.   3.   0.   4.   0.]
 [ 15.  28. 392.   0.   3.  13.   3.   0.]
 [ 22.  49.   1. 368.   8.   0.   2.   0.]
 [  1.   1.   1.   7. 441.   3.   1.   5.]
 [  3.   0.   5.   0.   5. 428.   1.   5.]
 [ 41.   0.   3.   5.   1.   4. 378.   5.]
 [  0.   0.   0.   0.   3.  11.   1. 437.]]
step1316
{'acc': 0.8994974874371859, 'f1': 0.899350065507863, 'micro_f1': 0.8994974874371859, 'test_loss': 0.6114098107708352}
Model train epoch:94,loss:0.00011831681175473412,training_time:2.1183322481811047
[[364.  41.  16.  14.   1.   1.  11.   1.]
 [  2. 415.   8.   1.   3.   0.   4.   0.]
 [ 15.  28. 391.   0.   3.  14.   3.   0.]
 [ 22.  49.   1. 368.   8.   0.   2.   0.]
 [  1.   1.   1.   7. 441.   3.   1.   5.]
 [  3.   0.   5.   0.   5. 428.   1.   5.]
 [ 41.   0.   3.   5.   1.   4. 378.   5.]
 [  0.   0.   0.   0.   3.  11.   1. 437.]]
step1330
{'acc': 0.8994974874371859, 'f1': 0.8993388476176924, 'micro_f1': 0.8994974874371859, 'test_loss': 0.6122693129416023}
Model train epoch:95,loss:0.0001196967854671779,training_time:2.107399359345436
[[364.  41.  16.  14.   1.   1.  11.   1.]
 [  2. 415.   8.   1.   3.   0.   4.   0.]
 [ 15.  28. 392.   0.   3.  13.   3.   0.]
 [ 22.  49.   1. 368.   8.   0.   2.   0.]
 [  1.   1.   1.   7. 441.   3.   1.   5.]
 [  3.   0.   5.   0.   5. 428.   1.   5.]
 [ 41.   0.   3.   5.   1.   4. 378.   5.]
 [  0.   0.   0.   0.   3.  11.   1. 437.]]
step1344
{'acc': 0.8997766610831938, 'f1': 0.8996264925446318, 'micro_f1': 0.8997766610831938, 'test_loss': 0.6130767078804118}
Model train epoch:96,loss:0.0001146846469574874,training_time:2.129278674721718
[[364.  41.  16.  14.   1.   1.  11.   1.]
 [  2. 415.   8.   1.   3.   0.   4.   0.]
 [ 15.  28. 392.   0.   3.  13.   3.   0.]
 [ 22.  49.   1. 368.   8.   0.   2.   0.]
 [  1.   1.   1.   7. 441.   3.   1.   5.]
 [  3.   0.   5.   0.   5. 428.   1.   5.]
 [ 41.   0.   3.   5.   1.   4. 378.   5.]
 [  0.   0.   0.   0.   3.  11.   1. 437.]]
step1358
{'acc': 0.8997766610831938, 'f1': 0.8996264925446318, 'micro_f1': 0.8997766610831938, 'test_loss': 0.614001266392214}
Model train epoch:97,loss:0.0001113317749903737,training_time:2.1265221759676933
[[364.  41.  16.  14.   1.   1.  11.   1.]
 [  2. 415.   8.   1.   3.   0.   4.   0.]
 [ 15.  28. 392.   0.   3.  13.   3.   0.]
 [ 22.  49.   1. 368.   8.   0.   2.   0.]
 [  1.   1.   1.   7. 441.   3.   1.   5.]
 [  3.   0.   5.   0.   5. 428.   1.   5.]
 [ 41.   0.   3.   5.   1.   4. 378.   5.]
 [  0.   0.   0.   0.   3.  11.   1. 437.]]
step1372
{'acc': 0.8997766610831938, 'f1': 0.8996264925446318, 'micro_f1': 0.8997766610831938, 'test_loss': 0.6153833118400404}
Model train epoch:98,loss:0.000112801726312942,training_time:2.1571699120104313
[[364.  41.  16.  14.   1.   1.  11.   1.]
 [  2. 415.   8.   1.   3.   0.   4.   0.]
 [ 15.  29. 391.   0.   3.  13.   3.   0.]
 [ 22.  49.   1. 368.   8.   0.   2.   0.]
 [  1.   1.   1.   7. 441.   3.   1.   5.]
 [  3.   0.   5.   0.   5. 428.   1.   5.]
 [ 41.   0.   3.   5.   1.   4. 378.   5.]
 [  0.   0.   0.   0.   3.  11.   1. 437.]]
step1386
{'acc': 0.8994974874371859, 'f1': 0.8993579346086222, 'micro_f1': 0.8994974874371859, 'test_loss': 0.6162720248103142}
Model train epoch:99,loss:0.0001123425068466791,training_time:2.1446497589349747
[[364.  41.  16.  14.   1.   1.  11.   1.]
 [  2. 415.   8.   1.   3.   0.   4.   0.]
 [ 15.  29. 391.   0.   3.  13.   3.   0.]
 [ 22.  49.   1. 368.   8.   0.   2.   0.]
 [  1.   1.   1.   7. 441.   3.   1.   5.]
 [  3.   0.   5.   0.   5. 428.   1.   5.]
 [ 41.   0.   3.   5.   1.   4. 378.   5.]
 [  0.   0.   0.   0.   3.  11.   1. 437.]]
step1400
{'acc': 0.8994974874371859, 'f1': 0.8993579346086222, 'micro_f1': 0.8994974874371859, 'test_loss': 0.6170025603579623}
Model train epoch:100,loss:0.00010683209880621039,training_time:2.117813792079687
