[[  0. 110.   5.  12.   1.  12. 309.   0.]
 [  0. 327.  11.  58.   0.   0.  37.   0.]
 [  0. 165.  41.  10.   0.   2. 236.   0.]
 [  0. 156.   1. 112.   0.   4. 177.   0.]
 [  0. 139.   4.   6.   1.   3. 307.   0.]
 [  0. 203.   1.  15.   0.  36. 192.   0.]
 [  0.  64.   2.   3.   0.   6. 362.   0.]
 [  0. 273.   5.  16.   1.   6. 151.   0.]]
step14
{'acc': 0.245393634840871, 'f1': 0.16330250082662207, 'micro_f1': 0.245393634840871, 'test_loss': 1.992025496704238}
saving model of step14
Model train epoch:1,loss:2.082836534295763,training_time:2.2393946424126625
[[ 59.  58.   9.  22.   2.   1. 225.  73.]
 [  1. 386.   6.  29.   0.   0.   9.   2.]
 [  5.  71. 138.   7.   1.   0. 174.  58.]
 [ 11. 203.   0. 180.   0.   0.  25.  31.]
 [  0. 157.  10.   6. 194.   0.  41.  52.]
 [  3.  56.   1.  12.   2.   8.  88. 277.]
 [ 10.   3.   2.   3.   0.   0. 351.  68.]
 [  0.  23.   1.   1.   1.   4.  19. 403.]]
step28
{'acc': 0.4798994974874372, 'f1': 0.42885834073543155, 'micro_f1': 0.4798994974874372, 'test_loss': 1.6805726970945085}
saving model of step28
Model train epoch:2,loss:1.8871664575168066,training_time:2.2601091228425503
[[158.  36.  44.  31.   3.  14. 163.   0.]
 [  3. 402.  16.   4.   6.   1.   1.   0.]
 [ 62.  26. 225.   2.  28.  22.  89.   0.]
 [  6. 152.   8. 272.   7.   5.   0.   0.]
 [  0.  46.  17.  11. 307.  79.   0.   0.]
 [ 26.   0.   9.   0.   2. 409.   1.   0.]
 [ 47.   0.  27.   2.   0.  27. 334.   0.]
 [  0.   0.   0.   0.   0. 438.   1.  13.]]
step42
{'acc': 0.5918481295365717, 'f1': 0.5564579288339907, 'micro_f1': 0.5918481295365717, 'test_loss': 1.078193026993956}
saving model of step42
Model train epoch:3,loss:1.2730367524283273,training_time:2.191935334354639
[[179.  31.  51.  22.  14.  12. 140.   0.]
 [  1. 397.  10.   8.  14.   0.   3.   0.]
 [  9.  21. 332.   0.  49.  22.  21.   0.]
 [  8. 111.   1. 304.  24.   2.   0.   0.]
 [  0.  13.   4.   4. 419.  20.   0.   0.]
 [  0.   0.   2.   0.  18. 398.   0.  29.]
 [ 24.   0.  26.   1.   3.  20. 344.  19.]
 [  0.   0.   0.   0.   1.  13.   1. 437.]]
step56
{'acc': 0.7844779452819653, 'f1': 0.7746683155603254, 'micro_f1': 0.7844779452819653, 'test_loss': 0.7999754058463233}
saving model of step56
Model train epoch:4,loss:0.8922388638768878,training_time:2.210511613637209
[[304.  18.  42.  30.   0.   6.  48.   1.]
 [ 10. 341.  60.  19.   0.   2.   0.   1.]
 [ 10.   1. 399.   0.   0.  24.  20.   0.]
 [ 18.  67.   4. 359.   1.   1.   0.   0.]
 [ 11.   3.  24.  12. 355.  36.   0.  19.]
 [  4.   0.   5.   0.   1. 346.   0.  91.]
 [ 92.   0.   0.   0.   0.   2. 313.  30.]
 [  0.   0.   0.   0.   0.   4.   1. 447.]]
step70
{'acc': 0.7995533221663875, 'f1': 0.798713846286923, 'micro_f1': 0.7995533221663875, 'test_loss': 0.6541073992848396}
saving model of step70
Model train epoch:5,loss:0.5704083463975361,training_time:2.1953676268458366
[[316.  22.  35.  33.   2.   1.  39.   1.]
 [  4. 371.  14.  38.   4.   0.   2.   0.]
 [  7.   6. 409.   0.   5.  21.   6.   0.]
 [ 10.  34.   4. 398.   3.   0.   1.   0.]
 [  6.   0.   3.  20. 412.   8.   2.   9.]
 [  2.   0.   4.   0.   8. 421.   0.  12.]
 [ 31.   0.   2.   3.   0.  20. 371.  10.]
 [  1.   0.   0.   0.   1.   7.   1. 442.]]
step84
{'acc': 0.8766052484645449, 'f1': 0.8750825556761213, 'micro_f1': 0.8766052484645449, 'test_loss': 0.4512145348957607}
saving model of step84
Model train epoch:6,loss:0.38215930121285574,training_time:2.185448084026575
[[335.  31.  15.  34.   8.   0.  25.   1.]
 [  3. 378.   6.  39.   4.   0.   3.   0.]
 [ 11.  29. 384.   0.  18.  10.   2.   0.]
 [ 18.  24.   4. 395.   8.   0.   1.   0.]
 [  1.   1.   0.   8. 448.   1.   0.   1.]
 [  1.   0.   6.   0.  30. 404.   2.   4.]
 [ 42.   0.   1.   1.   0.  16. 375.   2.]
 [  1.   0.   1.   0.   3.  19.   0. 428.]]
step98
{'acc': 0.8785594639865997, 'f1': 0.877926174893033, 'micro_f1': 0.8785594639865997, 'test_loss': 0.4086816542382751}
saving model of step98
Model train epoch:7,loss:0.2606356920940535,training_time:2.1974663324654102
[[294.  17.  46.  14.   5.   0.  72.   1.]
 [  2. 378.  20.  21.   8.   0.   4.   0.]
 [  7.   3. 425.   0.   6.   4.   9.   0.]
 [ 47.  41.   4. 345.  10.   0.   2.   1.]
 [  2.   0.  10.   4. 434.   4.   0.   6.]
 [  0.   0.  10.   0.   4. 420.   3.  10.]
 [ 13.   0.   3.   1.   0.  13. 403.   4.]
 [  0.   0.   0.   0.   2.  10.   2. 438.]]
step112
{'acc': 0.8757677275265215, 'f1': 0.8731559136044316, 'micro_f1': 0.8757677275265215, 'test_loss': 0.4001680351793766}
Model train epoch:8,loss:0.18939205844487464,training_time:2.1608587503433228
[[339.  27.  23.  24.   1.   0.  35.   0.]
 [  3. 389.  14.  20.   3.   0.   4.   0.]
 [ 19.  12. 413.   0.   2.   2.   6.   0.]
 [ 30.  28.   4. 386.   1.   0.   1.   0.]
 [  2.   2.  13.   5. 423.  10.   1.   4.]
 [  3.   0.  19.   0.   1. 414.   4.   6.]
 [ 31.   0.   1.   1.   0.   7. 394.   3.]
 [  2.   0.   0.   0.   0.  22.   5. 423.]]
step126
{'acc': 0.8880513679508655, 'f1': 0.8878815940891452, 'micro_f1': 0.8880513679508655, 'test_loss': 0.3814893535205296}
saving model of step126
Model train epoch:9,loss:0.1590472853609494,training_time:2.19191962108016
[[301.  32.  41.  20.   7.  23.  24.   1.]
 [  1. 394.  12.  18.   5.   0.   3.   0.]
 [  6.  19. 404.   0.   3.  21.   1.   0.]
 [ 21.  29.   4. 388.   7.   1.   0.   0.]
 [  0.   1.   1.   5. 442.   9.   0.   2.]
 [  0.   0.   5.   0.   3. 433.   1.   5.]
 [ 16.   0.  15.   1.   0.  35. 369.   1.]
 [  0.   0.   1.   0.   1.  30.   2. 418.]]
step140
{'acc': 0.8791178112786153, 'f1': 0.8775534066788793, 'micro_f1': 0.8791178112786153, 'test_loss': 0.42326630944652216}
Model train epoch:10,loss:0.1153331281883376,training_time:2.1452632136642933
[[372.  20.   4.  39.   4.   1.   8.   1.]
 [  4. 376.   4.  36.  10.   0.   3.   0.]
 [ 25.  23. 369.   0.  17.  15.   5.   0.]
 [ 17.  25.   1. 401.   5.   0.   1.   0.]
 [  2.   2.   0.  12. 430.   4.   1.   9.]
 [  4.   0.   2.   0.  16. 406.   0.  19.]
 [ 67.   0.   0.   4.   0.   3. 346.  17.]
 [  0.   0.   0.   0.   1.   1.   1. 449.]]
step154
{'acc': 0.8791178112786153, 'f1': 0.8790307999975264, 'micro_f1': 0.8791178112786153, 'test_loss': 0.4458743937845741}
Model train epoch:11,loss:0.09280739139233317,training_time:2.124266617000103
[[365.  17.  11.  38.   1.   1.  15.   1.]
 [  4. 339.  10.  71.   7.   0.   2.   0.]
 [ 20.  11. 412.   0.   7.   2.   2.   0.]
 [ 23.  14.   4. 403.   5.   0.   1.   0.]
 [  3.   0.   2.  11. 436.   4.   1.   3.]
 [  1.   0.   8.   0.  12. 422.   1.   3.]
 [ 33.   0.   3.   2.   0.  23. 375.   1.]
 [  2.   0.   0.   0.   1.  25.   1. 423.]]
step168
{'acc': 0.8863763260748185, 'f1': 0.8863213299830619, 'micro_f1': 0.8863763260748185, 'test_loss': 0.37467621226928066}
Model train epoch:12,loss:0.09209799114614725,training_time:2.1474976427853107
[[343.  12.  25.  31.   1.   1.  35.   1.]
 [  3. 362.  14.  45.   5.   0.   4.   0.]
 [  9.   5. 424.   0.   3.   6.   7.   0.]
 [ 24.  16.   2. 402.   4.   0.   2.   0.]
 [  8.   0.   3.  11. 411.  11.   1.  15.]
 [  2.   0.  13.   0.   6. 419.   2.   5.]
 [ 17.   0.   3.   2.   0.  22. 387.   6.]
 [  0.   0.   0.   0.   1.  11.   1. 439.]]
step182
{'acc': 0.8897264098269123, 'f1': 0.8889492227609298, 'micro_f1': 0.8897264098269123, 'test_loss': 0.37595483461128815}
saving model of step182
Model train epoch:13,loss:0.08657143584319524,training_time:2.1718126833438873
[[378.  15.  19.  16.   6.   2.  12.   1.]
 [  5. 364.  20.  22.  19.   0.   3.   0.]
 [ 15.   5. 402.   0.   4.  24.   4.   0.]
 [ 34.  32.   4. 363.  12.   1.   4.   0.]
 [  2.   0.   3.   3. 431.  15.   0.   6.]
 [  2.   0.   0.   0.   1. 439.   2.   3.]
 [ 37.   0.   4.   1.   0.  18. 367.  10.]
 [  0.   0.   0.   0.   1.  11.   1. 439.]]
step196
{'acc': 0.8886097152428811, 'f1': 0.8878065025088893, 'micro_f1': 0.8886097152428811, 'test_loss': 0.4180983194549169}
Model train epoch:14,loss:0.06201795129371541,training_time:2.1400222666561604
[[339.  29.  11.  34.   1.   0.  34.   1.]
 [  4. 405.   6.  14.   1.   0.   3.   0.]
 [ 18.  31. 386.   0.   5.   8.   6.   0.]
 [ 14.  41.   2. 390.   1.   0.   2.   0.]
 [  2.   6.   2.  31. 410.   8.   0.   1.]
 [  3.   0.   4.   1.  11. 419.   2.   7.]
 [ 25.   0.   2.   4.   0.   9. 389.   8.]
 [  1.   0.   0.   0.   1.  13.   2. 435.]]
step210
{'acc': 0.8858179787828029, 'f1': 0.8855724523876215, 'micro_f1': 0.8858179787828029, 'test_loss': 0.4231289963104895}
Model train epoch:15,loss:0.04265883578253644,training_time:2.124666467308998
[[351.  19.  15.  24.   5.   4.  29.   2.]
 [  5. 379.  17.  21.   7.   0.   4.   0.]
 [ 15.   8. 405.   0.   6.  15.   5.   0.]
 [ 17.  26.   4. 389.   9.   1.   3.   1.]
 [  1.   0.   1.   5. 433.  10.   0.  10.]
 [  1.   0.   4.   0.   2. 431.   1.   8.]
 [ 16.   0.   1.   4.   0.  17. 385.  14.]
 [  0.   0.   0.   0.   0.  16.   1. 435.]]
step224
{'acc': 0.8955890563930765, 'f1': 0.8945823042413344, 'micro_f1': 0.8955890563930765, 'test_loss': 0.41530596411653925}
saving model of step224
Model train epoch:16,loss:0.038162762498749156,training_time:2.166062965989113
[[379.  19.  18.  20.   3.   1.   8.   1.]
 [  7. 382.  16.  18.   9.   0.   1.   0.]
 [ 14.   8. 411.   0.   3.  16.   2.   0.]
 [ 31.  27.   3. 376.  10.   0.   2.   1.]
 [  1.   0.   3.   3. 439.   4.   0.  10.]
 [  3.   0.   4.   0.   7. 415.   1.  17.]
 [ 61.   0.   6.   1.   0.   5. 350.  14.]
 [  0.   0.   0.   0.   0.   8.   1. 443.]]
step238
{'acc': 0.8919597989949749, 'f1': 0.8916000090687876, 'micro_f1': 0.8919597989949749, 'test_loss': 0.4357799616243158}
Model train epoch:17,loss:0.029854518827050924,training_time:2.1388213373720646
[[353.  31.  18.  17.   0.   0.  29.   1.]
 [  5. 406.   8.  10.   3.   0.   1.   0.]
 [ 14.  26. 405.   0.   2.   2.   5.   0.]
 [ 23.  44.   2. 376.   4.   0.   1.   0.]
 [  6.   2.   5.   4. 434.   7.   0.   2.]
 [  2.   0.  17.   0.   6. 418.   1.   3.]
 [ 23.   0.   3.   5.   0.  17. 383.   6.]
 [  0.   0.   0.   0.   1.  19.   2. 430.]]
step252
{'acc': 0.894751535455053, 'f1': 0.8944539137746309, 'micro_f1': 0.894751535455053, 'test_loss': 0.41683677344449926}
Model train epoch:18,loss:0.038923069036432674,training_time:2.1406971774995327
[[380.  24.   6.  17.   1.   0.  20.   1.]
 [  6. 384.   9.  28.   3.   1.   2.   0.]
 [ 20.  24. 395.   0.   2.   8.   5.   0.]
 [ 23.  26.   2. 396.   1.   0.   2.   0.]
 [  4.   0.   1.   7. 437.   9.   0.   2.]
 [  2.   0.   4.   0.   5. 430.   2.   4.]
 [ 37.   0.   1.   3.   0.  11. 373.  12.]
 [  1.   0.   0.   0.   1.  14.   2. 434.]]
step266
{'acc': 0.9014517029592406, 'f1': 0.9013134288803578, 'micro_f1': 0.9014517029592406, 'test_loss': 0.41752626640456064}
saving model of step266
Model train epoch:19,loss:0.028576271874564036,training_time:2.1929293014109135
[[384.  22.   7.  21.   3.   0.  11.   1.]
 [  5. 399.  11.  13.   3.   0.   2.   0.]
 [ 24.  14. 385.   0.  12.  16.   3.   0.]
 [ 18.  41.   1. 388.   2.   0.   0.   0.]
 [  1.   3.   0.   9. 441.   3.   0.   3.]
 [  2.   0.   4.   0.   9. 425.   1.   6.]
 [ 47.   0.   4.   5.   0.  11. 361.   9.]
 [  0.   0.   0.   0.   1.  10.   1. 440.]]
step280
{'acc': 0.8997766610831938, 'f1': 0.8994949744615519, 'micro_f1': 0.8997766610831938, 'test_loss': 0.44082452622907503}
Model train epoch:20,loss:0.020217156636395624,training_time:2.127686884254217
[[368.  31.  13.  13.   1.   1.  21.   1.]
 [  3. 406.  15.   6.   1.   0.   2.   0.]
 [ 22.  16. 404.   0.   6.   3.   3.   0.]
 [ 24.  74.   2. 347.   3.   0.   0.   0.]
 [  3.  10.   4.   5. 437.   1.   0.   0.]
 [  0.   0.   7.   0.  16. 419.   1.   4.]
 [ 17.   0.   3.   4.   0.  15. 394.   4.]
 [  0.   0.   0.   0.   1.  21.   2. 428.]]
step294
{'acc': 0.8941931881630374, 'f1': 0.8940951299338273, 'micro_f1': 0.8941931881630374, 'test_loss': 0.4432773558156831}
Model train epoch:21,loss:0.027922650765893713,training_time:2.1370386630296707
[[365.  26.  16.  16.   0.   1.  24.   1.]
 [  3. 399.  14.  12.   2.   0.   3.   0.]
 [ 16.  13. 411.   0.   1.   8.   5.   0.]
 [ 22.  39.   2. 381.   1.   1.   3.   1.]
 [  1.   5.   6.   3. 409.  22.   0.  14.]
 [  2.   0.   7.   0.   2. 431.   1.   4.]
 [ 20.   0.   3.   4.   0.   8. 393.   9.]
 [  1.   0.   0.   0.   0.  13.   2. 436.]]
step308
{'acc': 0.9003350083752094, 'f1': 0.9000070905616023, 'micro_f1': 0.9003350083752094, 'test_loss': 0.4361095004049795}
Model train epoch:22,loss:0.016664494394457767,training_time:2.1371320262551308
[[375.  22.   6.  31.   0.   1.  13.   1.]
 [  5. 383.   6.  34.   4.   0.   1.   0.]
 [ 25.  36. 370.   0.   8.  12.   3.   0.]
 [ 17.  24.   1. 405.   2.   0.   1.   0.]
 [  2.   3.   0.   8. 424.   5.   2.  16.]
 [  2.   0.   5.   0.   5. 420.   4.  11.]
 [ 49.   0.   3.   4.   0.   4. 366.  11.]
 [  2.   0.   0.   0.   1.   5.   1. 443.]]
step322
{'acc': 0.8894472361809045, 'f1': 0.8894070706410251, 'micro_f1': 0.8894472361809045, 'test_loss': 0.4745305034198931}
Model train epoch:23,loss:0.008031086214551968,training_time:2.1200709491968155
[[352.  26.  33.  17.   1.   1.  18.   1.]
 [  5. 390.  11.  18.   8.   0.   1.   0.]
 [ 10.  15. 415.   0.   5.   8.   1.   0.]
 [ 22.  21.   3. 388.   8.   3.   4.   1.]
 [  1.   2.   5.   3. 427.  10.   1.  11.]
 [  2.   0.   5.   0.   4. 431.   1.   4.]
 [ 37.   0.  14.   2.   0.   9. 364.  11.]
 [  1.   0.   0.   0.   1.  14.   1. 435.]]
step336
{'acc': 0.8939140145170296, 'f1': 0.893174594565994, 'micro_f1': 0.8939140145170296, 'test_loss': 0.46160136482545305}
Model train epoch:24,loss:0.014726235888831849,training_time:2.107249226421118
[[358.  28.  11.  29.   1.   2.  19.   1.]
 [  4. 399.  10.  16.   2.   0.   2.   0.]
 [ 17.  18. 392.   0.   9.  14.   4.   0.]
 [ 15.  48.   1. 383.   2.   0.   1.   0.]
 [  1.   2.   2.  12. 427.   5.   0.  11.]
 [  1.   0.   4.   0.  10. 424.   1.   7.]
 [ 24.   0.   4.   5.   0.  15. 377.  12.]
 [  0.   0.   0.   0.   1.  10.   1. 440.]]
step350
{'acc': 0.8933556672250139, 'f1': 0.8928389541628733, 'micro_f1': 0.8933556672250139, 'test_loss': 0.46862283402255606}
Model train epoch:25,loss:0.01920654922391155,training_time:2.109255950897932
[[356.  37.  27.   9.   2.   1.  16.   1.]
 [  2. 408.  11.   6.   2.   1.   3.   0.]
 [ 11.  19. 400.   0.   4.  17.   3.   0.]
 [ 20.  60.   3. 357.   6.   1.   3.   0.]
 [  1.  13.   6.   3. 434.   2.   0.   1.]
 [  1.   0.   3.   0.   6. 432.   2.   3.]
 [ 36.   0.  11.   1.   0.  11. 370.   8.]
 [  1.   0.   0.   0.   1.  16.   2. 432.]]
step364
{'acc': 0.890284757118928, 'f1': 0.8899832463554697, 'micro_f1': 0.890284757118928, 'test_loss': 0.4915807731449604}
Model train epoch:26,loss:0.02417664835229516,training_time:2.1172561198472977
[[371.  23.   8.  13.   1.   1.  31.   1.]
 [  8. 394.  15.   8.   5.   0.   3.   0.]
 [ 31.   5. 404.   0.   4.   4.   6.   0.]
 [ 31.  56.   1. 349.  10.   0.   3.   0.]
 [  4.   0.   1.   3. 442.   6.   0.   4.]
 [  5.   0.  13.   0.   6. 412.   7.   4.]
 [ 28.   0.   3.   4.   0.   8. 387.   7.]
 [  0.   0.   0.   0.   0.  16.   6. 430.]]
step378
{'acc': 0.890284757118928, 'f1': 0.8899651986702972, 'micro_f1': 0.890284757118928, 'test_loss': 0.4762336188661201}
Model train epoch:27,loss:0.03477607314874019,training_time:2.1245054230093956
[[349.  32.  11.  29.   1.   1.  25.   1.]
 [  7. 404.   6.  15.   0.   0.   1.   0.]
 [ 26.  46. 367.   0.   7.   3.   5.   0.]
 [ 15.  59.   1. 374.   1.   0.   0.   0.]
 [  2.   9.   0.  15. 432.   0.   0.   2.]
 [  2.   0.   9.   0.  46. 376.   2.  12.]
 [ 18.   0.   4.   8.   0.  11. 382.  14.]
 [  0.   0.   0.   0.   4.   7.   1. 440.]]
step392
{'acc': 0.8721384701284198, 'f1': 0.8720916566488388, 'micro_f1': 0.8721384701284198, 'test_loss': 0.5117203305874553}
Model train epoch:28,loss:0.03254963697067329,training_time:2.128146283328533
[[364.  27.  15.  26.   1.   1.  15.   0.]
 [  4. 399.  10.  18.   1.   0.   1.   0.]
 [ 18.  26. 392.   0.   3.  11.   4.   0.]
 [ 15.  33.   2. 398.   1.   0.   1.   0.]
 [  3.   1.   5.  22. 428.   0.   0.   1.]
 [  7.   0.   5.   0.   9. 412.   5.   9.]
 [ 49.   0.   8.  12.   0.   1. 358.   9.]
 [  2.   0.   0.   3.   1.   8.   1. 437.]]
step406
{'acc': 0.8900055834729201, 'f1': 0.8901337621339772, 'micro_f1': 0.8900055834729201, 'test_loss': 0.4933923107704946}
Model train epoch:29,loss:0.023613197296591743,training_time:2.1356754936277866
[[355.  16.  16.  15.   0.   1.  46.   0.]
 [  4. 372.  21.  18.  14.   0.   4.   0.]
 [ 13.   4. 406.   0.   8.  16.   7.   0.]
 [ 24.  21.   2. 392.   7.   0.   4.   0.]
 [  2.   0.   2.   9. 435.   2.   2.   8.]
 [  0.   0.   3.   0.   5. 431.   3.   5.]
 [  7.   0.   2.   5.   0.  11. 404.   8.]
 [  0.   0.   0.   0.   1.  19.   1. 431.]]
step420
{'acc': 0.9006141820212172, 'f1': 0.8997155293208491, 'micro_f1': 0.9006141820212172, 'test_loss': 0.41744683789355413}
Model train epoch:30,loss:0.053986722004732916,training_time:2.1428725682199
[[359.  24.  22.  10.   5.   0.  28.   1.]
 [  7. 362.  40.  10.  10.   0.   4.   0.]
 [ 16.   1. 421.   0.   5.   2.   9.   0.]
 [ 32.  43.   4. 355.  15.   0.   1.   0.]
 [  3.   1.   2.   3. 447.   2.   0.   2.]
 [  7.   0.  28.   0.  15. 382.   9.   6.]
 [ 27.   0.   3.   3.   2.   2. 398.   2.]
 [  6.   0.   0.   0.   2.  25.  10. 409.]]
step434
{'acc': 0.8746510329424902, 'f1': 0.8743056788336726, 'micro_f1': 0.8746510329424902, 'test_loss': 0.5557104519435337}
Model train epoch:31,loss:0.060863468230568936,training_time:2.104828964918852
[[301.  34.  22.  22.   0.   0.  69.   1.]
 [  2. 402.  11.   8.   5.   0.   5.   0.]
 [ 13.  18. 406.   0.   1.   8.   8.   0.]
 [ 14.  39.   2. 387.   3.   0.   5.   0.]
 [  4.   5.   3.   9. 427.   3.   0.   9.]
 [  0.   0.   9.   0.   3. 411.  10.  14.]
 [ 11.   0.   3.   4.   0.   0. 416.   3.]
 [  0.   0.   0.   0.   2.  12.  15. 423.]]
step448
{'acc': 0.8858179787828029, 'f1': 0.8843231723468837, 'micro_f1': 0.8858179787828029, 'test_loss': 0.49526309301810606}
Model train epoch:32,loss:0.06179507728666067,training_time:2.0926004834473133
[[389.  24.   7.  16.   0.   1.  11.   1.]
 [  7. 391.   7.  19.   7.   0.   2.   0.]
 [ 25.  29. 367.   1.   2.  20.   9.   1.]
 [ 31.  29.   0. 385.   2.   1.   2.   0.]
 [ 18.   3.   0.  35. 392.   4.   1.   7.]
 [  3.   0.   2.   0.   2. 427.   4.   9.]
 [ 46.   0.   2.   4.   0.   0. 379.   6.]
 [  1.   0.   0.   0.   1.  15.   5. 430.]]
step462
{'acc': 0.8821887213847013, 'f1': 0.8829772069157562, 'micro_f1': 0.8821887213847013, 'test_loss': 0.49567704887262415}
Model train epoch:33,loss:0.04302261610116277,training_time:2.12190318480134
[[369.  19.   6.  36.   0.   0.  18.   1.]
 [ 12. 384.   9.  22.   3.   0.   3.   0.]
 [ 50.  11. 370.   2.   3.  10.   8.   0.]
 [ 14.  29.   0. 402.   2.   1.   2.   0.]
 [  9.   5.   0.  18. 418.   3.   1.   6.]
 [  4.   0.   5.   0.   4. 428.   1.   5.]
 [ 37.   0.   0.   8.   0.   3. 380.   9.]
 [  0.   0.   0.   0.   0.  24.   2. 426.]]
step476
{'acc': 0.8869346733668342, 'f1': 0.8876248199254739, 'micro_f1': 0.8869346733668342, 'test_loss': 0.5176021113459554}
Model train epoch:34,loss:0.03784316299217088,training_time:2.1490880623459816
[[374.  25.   6.  17.   1.   0.  25.   1.]
 [  4. 398.   5.  15.   7.   0.   4.   0.]
 [ 35.  30. 366.   0.  18.   1.   4.   0.]
 [ 24.  32.   1. 386.   5.   0.   2.   0.]
 [  2.   3.   0.  10. 443.   0.   0.   2.]
 [  7.   0.  12.   0.  23. 397.   4.   4.]
 [ 35.   0.   0.   5.   1.   2. 388.   6.]
 [  0.   0.   0.   0.   2.  18.   2. 430.]]
step490
{'acc': 0.8883305415968733, 'f1': 0.8884966621876151, 'micro_f1': 0.8883305415968733, 'test_loss': 0.5140534511634282}
Model train epoch:35,loss:0.027378139352159842,training_time:2.164859015494585
[[374.  35.   8.  10.   1.   1.  18.   2.]
 [  3. 399.   8.  13.   6.   0.   4.   0.]
 [ 16.  24. 395.   0.   6.  10.   3.   0.]
 [ 30.  36.   1. 373.   7.   0.   2.   1.]
 [  1.   1.   1.   5. 446.   5.   0.   1.]
 [  2.   0.   5.   0.   8. 426.   3.   3.]
 [ 32.   0.   1.   3.   0.   4. 381.  16.]
 [  0.   0.   0.   0.   1.  18.   1. 432.]]
step504
{'acc': 0.9006141820212172, 'f1': 0.9003045750208811, 'micro_f1': 0.9006141820212172, 'test_loss': 0.4568077073033367}
Model train epoch:36,loss:0.02895101299509406,training_time:2.0972475670278072
[[345.  33.  22.  20.   4.   0.  24.   1.]
 [  4. 407.  14.   2.   3.   0.   3.   0.]
 [  9.  12. 418.   0.   7.   3.   5.   0.]
 [ 18.  66.   1. 361.   4.   0.   0.   0.]
 [  0.   8.   1.   6. 444.   0.   1.   0.]
 [  2.   0.  13.   0.   7. 413.   6.   6.]
 [ 36.   0.   2.   5.   1.   1. 378.  14.]
 [  0.   0.   0.   0.   2.  11.   2. 437.]]
step518
{'acc': 0.8941931881630374, 'f1': 0.8934972732045139, 'micro_f1': 0.8941931881630374, 'test_loss': 0.4906835516116449}
Model train epoch:37,loss:0.029405703518672714,training_time:2.1082215011119843
[[361.  27.  17.   8.   4.   0.  31.   1.]
 [  4. 395.  12.  11.   7.   0.   4.   0.]
 [ 16.  18. 386.   0.  14.  15.   5.   0.]
 [ 40.  36.   1. 362.  10.   1.   0.   0.]
 [  0.   1.   1.   6. 450.   1.   0.   1.]
 [  1.   0.   4.   0.   8. 419.   7.   8.]
 [ 26.   0.   3.   1.   0.   3. 395.   9.]
 [  0.   0.   0.   0.   2.   3.   3. 444.]]
step532
{'acc': 0.8967057509771078, 'f1': 0.8959367441844031, 'micro_f1': 0.8967057509771078, 'test_loss': 0.49137256959719317}
Model train epoch:38,loss:0.035231703759304116,training_time:2.1076185815036297
[[355.  23.  20.  23.   1.   1.  24.   2.]
 [  4. 383.  15.  21.   6.   1.   3.   0.]
 [  8.   8. 417.   0.   6.  11.   4.   0.]
 [ 17.  28.   3. 392.   5.   3.   2.   0.]
 [  0.   0.   2.   6. 437.   4.   3.   8.]
 [  1.   0.   5.   0.   2. 429.   5.   5.]
 [ 19.   0.   7.   4.   0.   5. 390.  12.]
 [  0.   0.   0.   0.   0.  17.   2. 433.]]
step546
{'acc': 0.9034059184812954, 'f1': 0.902527733731084, 'micro_f1': 0.9034059184812954, 'test_loss': 0.43173692827778204}
saving model of step546
Model train epoch:39,loss:0.044976252081271796,training_time:2.13720790296793
[[309.  24.  12.  13.   1.   0.  90.   0.]
 [  4. 393.  11.  15.   4.   0.   6.   0.]
 [ 11.  15. 406.   0.   5.   9.   8.   0.]
 [ 19.  37.   2. 377.   6.   0.   9.   0.]
 [  0.   3.   1.   6. 440.   1.   4.   5.]
 [  1.   0.   6.   0.   5. 423.   8.   4.]
 [  7.   0.   1.   2.   0.   1. 423.   3.]
 [  1.   0.   0.   0.   1.  18.  16. 416.]]
step560
{'acc': 0.8897264098269123, 'f1': 0.8886420800096125, 'micro_f1': 0.8897264098269123, 'test_loss': 0.4792666344770363}
Model train epoch:40,loss:0.08690876996011607,training_time:2.0967119857668877
[[359.  22.   4.  19.   3.   0.  42.   0.]
 [  7. 389.   7.  13.  14.   0.   3.   0.]
 [ 43.  20. 354.   0.  21.   9.   7.   0.]
 [ 18.  43.   0. 380.   8.   0.   1.   0.]
 [  1.   0.   0.  10. 441.   1.   2.   5.]
 [  2.   0.   3.   0.  14. 415.   7.   6.]
 [ 17.   0.   0.   5.   0.   1. 410.   4.]
 [  0.   0.   0.   1.   1.  10.  10. 430.]]
step574
{'acc': 0.887213847012842, 'f1': 0.8867340685011482, 'micro_f1': 0.887213847012842, 'test_loss': 0.4816052726070796}
Model train epoch:41,loss:0.04189587796905211,training_time:2.1062540858983994
[[358.  19.  21.  14.  11.   3.  21.   2.]
 [  2. 377.  14.  23.  13.   0.   4.   0.]
 [  9.   6. 406.   0.   9.  22.   2.   0.]
 [ 16.  25.   2. 380.  19.   1.   4.   3.]
 [  0.   0.   0.   3. 441.   3.   0.  13.]
 [  0.   0.   3.   0.   7. 428.   2.   7.]
 [ 23.   0.   3.   3.   0.   5. 390.  13.]
 [  0.   0.   0.   0.   1.   5.   1. 445.]]
step588
{'acc': 0.9003350083752094, 'f1': 0.899266811356223, 'micro_f1': 0.9003350083752094, 'test_loss': 0.45605157941047636}
Model train epoch:42,loss:0.027047045628673265,training_time:2.100323036313057
[[366.  29.   7.  19.   1.   0.  25.   2.]
 [  4. 397.   8.  15.   4.   1.   4.   0.]
 [ 27.  16. 382.   2.   6.  17.   4.   0.]
 [ 21.  36.   0. 393.   0.   0.   0.   0.]
 [  7.   7.   0.  28. 406.   3.   0.   9.]
 [  5.   1.   3.   1.   3. 427.   2.   5.]
 [ 21.   0.   1.   4.   0.   1. 397.  13.]
 [  0.   0.   0.   0.   0.   5.   1. 446.]]
step602
{'acc': 0.8972640982691233, 'f1': 0.8972719707477785, 'micro_f1': 0.8972640982691233, 'test_loss': 0.4759805841105325}
Model train epoch:43,loss:0.018673474534547756,training_time:2.0859412662684917
[[362.  28.  36.  11.   1.   1.   8.   2.]
 [  4. 395.  12.  16.   1.   2.   3.   0.]
 [  6.  14. 421.   0.   0.  11.   2.   0.]
 [ 25.  33.   2. 379.   7.   1.   0.   3.]
 [  3.  12.  12.   3. 413.   9.   0.   8.]
 [  3.   0.   7.   0.   1. 433.   1.   2.]
 [ 30.   0.   5.   1.   0.   6. 382.  13.]
 [  0.   0.   0.   0.   0.  19.   1. 432.]]
step616
{'acc': 0.8981016192071468, 'f1': 0.8979953491025154, 'micro_f1': 0.8981016192071468, 'test_loss': 0.47650919754856397}
Model train epoch:44,loss:0.0210341318909611,training_time:2.114114783704281
[[363.  34.  14.  27.   1.   0.  10.   0.]
 [  3. 399.   9.  13.   5.   0.   4.   0.]
 [ 13.  17. 413.   3.   3.   1.   4.   0.]
 [ 16.  42.   1. 390.   1.   0.   0.   0.]
 [  3.   7.   1.  30. 413.   2.   1.   3.]
 [  4.   0.  13.   1.  10. 405.   3.  11.]
 [ 32.   0.   3.   5.   0.   0. 383.  14.]
 [  0.   0.   0.   0.   1.   4.   2. 445.]]
step630
{'acc': 0.8964265773311, 'f1': 0.8966874860786017, 'micro_f1': 0.8964265773311, 'test_loss': 0.5167484822283898}
Model train epoch:45,loss:0.012085868661025805,training_time:2.1429898254573345
[[347.  26.  12.  18.   8.   0.  33.   5.]
 [  1. 379.  10.  28.  10.   0.   5.   0.]
 [ 13.  11. 410.   1.  10.   6.   3.   0.]
 [ 12.  25.   1. 400.  10.   0.   1.   1.]
 [  0.   0.   0.  10. 437.   3.   0.  10.]
 [  0.   0.   4.   1.   5. 425.   2.  10.]
 [  8.   0.   2.   3.   1.   3. 400.  20.]
 [  0.   0.   0.   0.   1.   1.   1. 449.]]
step644
{'acc': 0.9064768285873813, 'f1': 0.9054228366819916, 'micro_f1': 0.9064768285873813, 'test_loss': 0.4715705884487501}
saving model of step644
Model train epoch:46,loss:0.012456485427849526,training_time:2.1840040422976017
[[381.  28.   9.  15.   1.   3.  12.   0.]
 [  4. 397.  10.  13.   4.   1.   4.   0.]
 [ 14.  14. 405.   0.   4.  15.   2.   0.]
 [ 27.  33.   0. 385.   5.   0.   0.   0.]
 [  6.   5.   0.   7. 432.   7.   0.   3.]
 [  1.   0.   3.   0.   5. 436.   1.   1.]
 [ 21.   0.   1.   3.   1.  11. 388.  12.]
 [  0.   0.   0.   0.   1.  13.   1. 437.]]
step658
{'acc': 0.9103852596314908, 'f1': 0.9102255016202728, 'micro_f1': 0.9103852596314908, 'test_loss': 0.4254007867670485}
saving model of step658
Model train epoch:47,loss:0.008295939461926796,training_time:2.1352653801441193
[[372.  31.  22.  15.   1.   0.   8.   0.]
 [  5. 393.   8.  20.   4.   1.   2.   0.]
 [  6.  16. 415.   1.   5.   9.   2.   0.]
 [ 21.  29.   1. 398.   1.   0.   0.   0.]
 [  7.   9.   1.   9. 430.   3.   0.   1.]
 [  1.   0.   5.   0.   4. 433.   1.   3.]
 [ 35.   0.   2.   4.   0.   4. 382.  10.]
 [  0.   0.   0.   0.   1.   9.   1. 441.]]
step672
{'acc': 0.9112227805695142, 'f1': 0.9111656737877196, 'micro_f1': 0.9112227805695142, 'test_loss': 0.44150799572733895}
saving model of step672
Model train epoch:48,loss:0.003163734766920762,training_time:2.1370730102062225
[[368.  33.  19.  11.   2.   0.  16.   0.]
 [  3. 407.   8.   7.   4.   0.   4.   0.]
 [  8.  16. 413.   0.   6.   9.   2.   0.]
 [ 21.  46.   1. 376.   5.   0.   0.   1.]
 [  5.   7.   1.   5. 440.   1.   0.   1.]
 [  1.   0.   4.   0.   5. 433.   1.   3.]
 [ 26.   0.   1.   3.   1.   2. 395.   9.]
 [  0.   0.   0.   0.   1.   6.   1. 444.]]
step686
{'acc': 0.914572864321608, 'f1': 0.9142986303701492, 'micro_f1': 0.914572864321608, 'test_loss': 0.448004722861307}
saving model of step686
Model train epoch:49,loss:0.0018151404385987138,training_time:2.2147631272673607
[[369.  28.  17.  15.   2.   0.  17.   1.]
 [  3. 402.   8.  10.   5.   1.   4.   0.]
 [  9.  15. 409.   0.   7.  12.   2.   0.]
 [ 20.  40.   1. 382.   6.   0.   0.   1.]
 [  4.   5.   0.   5. 440.   3.   0.   3.]
 [  0.   0.   4.   1.   5. 434.   0.   3.]
 [ 16.   0.   1.   4.   0.   2. 399.  15.]
 [  0.   0.   0.   0.   1.   6.   1. 444.]]
step700
{'acc': 0.9154103852596315, 'f1': 0.9148939324496387, 'micro_f1': 0.9154103852596315, 'test_loss': 0.44112311649535385}
saving model of step700
Model train epoch:50,loss:0.0009614685467178268,training_time:2.1239641718566418
[[369.  28.  15.  18.   1.   0.  17.   1.]
 [  3. 397.   8.  14.   6.   1.   4.   0.]
 [  8.  15. 411.   0.   7.  11.   2.   0.]
 [ 17.  35.   1. 392.   4.   0.   0.   1.]
 [  2.   3.   0.   6. 442.   3.   0.   4.]
 [  0.   0.   4.   1.   5. 434.   0.   3.]
 [ 18.   0.   1.   4.   0.   2. 396.  16.]
 [  0.   0.   0.   0.   1.   6.   1. 444.]]
step714
{'acc': 0.9170854271356784, 'f1': 0.9165308148631331, 'micro_f1': 0.9170854271356784, 'test_loss': 0.43997255539787666}
saving model of step714
Model train epoch:51,loss:0.0006493732029671914,training_time:2.133637633174658
[[369.  28.  15.  18.   1.   0.  17.   1.]
 [  3. 397.   8.  14.   6.   1.   4.   0.]
 [  9.  15. 410.   0.   7.  11.   2.   0.]
 [ 17.  34.   1. 393.   4.   0.   0.   1.]
 [  2.   4.   0.   6. 441.   3.   0.   4.]
 [  0.   0.   4.   1.   5. 434.   0.   3.]
 [ 19.   0.   1.   5.   0.   2. 394.  16.]
 [  0.   0.   0.   0.   1.   7.   1. 443.]]
step728
{'acc': 0.9159687325516471, 'f1': 0.9154370839181383, 'micro_f1': 0.9159687325516471, 'test_loss': 0.4406772990311895}
Model train epoch:52,loss:0.0005646336004636916,training_time:2.091616630554199
[[370.  28.  15.  18.   1.   0.  16.   1.]
 [  3. 397.   8.  14.   6.   1.   4.   0.]
 [  9.  15. 411.   0.   7.  10.   2.   0.]
 [ 16.  34.   1. 395.   3.   0.   0.   1.]
 [  2.   5.   0.   6. 442.   2.   0.   3.]
 [  0.   0.   4.   1.   5. 434.   0.   3.]
 [ 19.   0.   1.   5.   0.   3. 394.  15.]
 [  0.   0.   0.   0.   1.   9.   1. 441.]]
step742
{'acc': 0.9168062534896706, 'f1': 0.9163227999008374, 'micro_f1': 0.9168062534896706, 'test_loss': 0.4420019163350974}
Model train epoch:53,loss:0.0005281267429901553,training_time:2.107586469501257
[[369.  28.  15.  19.   1.   0.  16.   1.]
 [  3. 397.   8.  14.   6.   1.   4.   0.]
 [  9.  15. 411.   0.   7.  10.   2.   0.]
 [ 16.  34.   1. 395.   3.   0.   0.   1.]
 [  2.   5.   0.   6. 442.   2.   0.   3.]
 [  0.   0.   4.   1.   5. 434.   0.   3.]
 [ 19.   0.   1.   5.   0.   3. 394.  15.]
 [  0.   0.   0.   0.   1.   9.   1. 441.]]
step756
{'acc': 0.9165270798436628, 'f1': 0.916032554870287, 'micro_f1': 0.9165270798436628, 'test_loss': 0.44340544087546213}
Model train epoch:54,loss:0.00047973558373217074,training_time:2.125480830669403
[[369.  28.  14.  21.   1.   0.  16.   0.]
 [  3. 398.   8.  13.   6.   1.   4.   0.]
 [  9.  15. 411.   0.   7.  10.   2.   0.]
 [ 16.  34.   1. 395.   3.   0.   0.   1.]
 [  2.   5.   0.   6. 442.   2.   0.   3.]
 [  0.   0.   4.   1.   5. 434.   0.   3.]
 [ 19.   0.   1.   5.   0.   3. 394.  15.]
 [  0.   0.   0.   0.   1.   9.   1. 441.]]
step770
{'acc': 0.9168062534896706, 'f1': 0.9163228973769498, 'micro_f1': 0.9168062534896706, 'test_loss': 0.44410857771124157}
Model train epoch:55,loss:0.0005105563510109537,training_time:2.1078187189996243
[[369.  28.  14.  21.   1.   0.  16.   0.]
 [  3. 397.   8.  14.   6.   1.   4.   0.]
 [  9.  15. 411.   0.   7.  10.   2.   0.]
 [ 16.  34.   1. 395.   3.   0.   0.   1.]
 [  2.   5.   0.   6. 442.   2.   0.   3.]
 [  0.   0.   4.   1.   5. 434.   0.   3.]
 [ 19.   0.   1.   5.   0.   3. 394.  15.]
 [  0.   0.   0.   0.   1.   9.   1. 441.]]
step784
{'acc': 0.9165270798436628, 'f1': 0.916044022226909, 'micro_f1': 0.9165270798436628, 'test_loss': 0.443857191263565}
Model train epoch:56,loss:0.0004575028766079673,training_time:2.1350912488996983
[[367.  28.  14.  21.   1.   0.  18.   0.]
 [  3. 398.   8.  13.   6.   1.   4.   0.]
 [ 10.  15. 410.   0.   7.  10.   2.   0.]
 [ 16.  34.   1. 395.   3.   0.   0.   1.]
 [  2.   5.   0.   6. 442.   2.   0.   3.]
 [  0.   0.   4.   1.   5. 434.   0.   3.]
 [ 19.   0.   1.   5.   0.   2. 395.  15.]
 [  0.   0.   0.   0.   1.   9.   1. 441.]]
step798
{'acc': 0.916247906197655, 'f1': 0.915737407104913, 'micro_f1': 0.916247906197655, 'test_loss': 0.44550365023314953}
Model train epoch:57,loss:0.0004342027449248625,training_time:2.126195590943098
[[367.  28.  14.  21.   1.   0.  18.   0.]
 [  3. 398.   8.  13.   6.   1.   4.   0.]
 [ 10.  15. 410.   0.   7.  10.   2.   0.]
 [ 16.  34.   1. 395.   3.   0.   0.   1.]
 [  2.   5.   0.   6. 442.   2.   0.   3.]
 [  1.   0.   4.   1.   5. 433.   0.   3.]
 [ 19.   0.   1.   5.   0.   2. 395.  15.]
 [  0.   0.   0.   0.   1.   8.   1. 442.]]
step812
{'acc': 0.916247906197655, 'f1': 0.9157452732656037, 'micro_f1': 0.916247906197655, 'test_loss': 0.44813800137490034}
Model train epoch:58,loss:0.0003872513355288122,training_time:2.1363035403192043
[[368.  28.  13.  21.   1.   0.  18.   0.]
 [  3. 398.   8.  13.   6.   1.   4.   0.]
 [ 10.  15. 410.   0.   7.  10.   2.   0.]
 [ 15.  34.   1. 396.   3.   0.   0.   1.]
 [  2.   5.   0.   6. 442.   2.   0.   3.]
 [  1.   0.   4.   1.   5. 433.   0.   3.]
 [ 18.   0.   1.   5.   0.   2. 396.  15.]
 [  0.   0.   0.   0.   1.   8.   1. 442.]]
step826
{'acc': 0.9170854271356784, 'f1': 0.9165982211254018, 'micro_f1': 0.9170854271356784, 'test_loss': 0.4500360420372869}
saving model of step826
Model train epoch:59,loss:0.0003828082304348105,training_time:2.161382984369993
[[368.  28.  13.  21.   1.   0.  18.   0.]
 [  3. 398.   8.  13.   6.   1.   4.   0.]
 [ 10.  15. 410.   0.   7.  10.   2.   0.]
 [ 15.  35.   1. 395.   3.   0.   0.   1.]
 [  2.   5.   0.   6. 442.   2.   0.   3.]
 [  1.   0.   4.   1.   5. 433.   0.   3.]
 [ 19.   0.   1.   5.   0.   2. 397.  13.]
 [  0.   0.   0.   0.   1.   8.   1. 442.]]
step840
{'acc': 0.9170854271356784, 'f1': 0.9166211128486929, 'micro_f1': 0.9170854271356784, 'test_loss': 0.4514422323554754}
saving model of step840
Model train epoch:60,loss:0.00035968788766435215,training_time:2.1359905190765858
[[368.  28.  13.  21.   1.   0.  18.   0.]
 [  3. 398.   8.  13.   6.   1.   4.   0.]
 [ 10.  15. 410.   0.   7.  10.   2.   0.]
 [ 15.  35.   1. 395.   3.   0.   0.   1.]
 [  2.   5.   0.   6. 442.   2.   0.   3.]
 [  1.   0.   4.   1.   5. 433.   0.   3.]
 [ 20.   0.   1.   5.   0.   3. 395.  13.]
 [  0.   0.   0.   0.   1.   8.   1. 442.]]
step854
{'acc': 0.9165270798436628, 'f1': 0.9160524649981481, 'micro_f1': 0.9165270798436628, 'test_loss': 0.45282525110191535}
Model train epoch:61,loss:0.0003554402054370647,training_time:2.115921590477228
[[369.  28.  12.  21.   1.   0.  18.   0.]
 [  3. 398.   8.  13.   6.   1.   4.   0.]
 [ 10.  15. 410.   0.   7.  10.   2.   0.]
 [ 15.  35.   1. 395.   3.   0.   0.   1.]
 [  1.   5.   0.   6. 443.   2.   0.   3.]
 [  1.   0.   4.   1.   5. 433.   0.   3.]
 [ 20.   0.   1.   5.   0.   3. 395.  13.]
 [  0.   0.   0.   0.   1.   8.   1. 442.]]
step868
{'acc': 0.9170854271356784, 'f1': 0.9166107135572052, 'micro_f1': 0.9170854271356784, 'test_loss': 0.4543477410583624}
saving model of step868
Model train epoch:62,loss:0.0003478554208413698,training_time:2.158718626946211
[[369.  28.  12.  21.   1.   0.  18.   0.]
 [  3. 398.   8.  13.   6.   1.   4.   0.]
 [ 10.  15. 410.   0.   7.  10.   2.   0.]
 [ 15.  35.   1. 395.   3.   0.   0.   1.]
 [  0.   5.   0.   6. 444.   2.   0.   3.]
 [  1.   0.   4.   1.   5. 433.   0.   3.]
 [ 19.   0.   1.   5.   0.   3. 396.  13.]
 [  0.   0.   0.   0.   1.   8.   1. 442.]]
step882
{'acc': 0.9176437744276941, 'f1': 0.9171539069563301, 'micro_f1': 0.9176437744276941, 'test_loss': 0.4555369938856789}
saving model of step882
Model train epoch:63,loss:0.00033260836374081137,training_time:2.16693402454257
[[369.  28.  12.  21.   1.   0.  18.   0.]
 [  3. 398.   8.  13.   6.   1.   4.   0.]
 [ 10.  15. 410.   0.   7.  10.   2.   0.]
 [ 15.  35.   1. 395.   3.   0.   0.   1.]
 [  0.   5.   0.   6. 444.   2.   0.   3.]
 [  1.   0.   4.   1.   5. 433.   0.   3.]
 [ 18.   0.   1.   5.   0.   3. 397.  13.]
 [  0.   0.   0.   0.   1.   8.   1. 442.]]
step896
{'acc': 0.9179229480737019, 'f1': 0.917433768117576, 'micro_f1': 0.9179229480737019, 'test_loss': 0.45647135230579544}
saving model of step896
Model train epoch:64,loss:0.0003179437875847465,training_time:2.1774941571056843
[[369.  28.  12.  21.   1.   0.  18.   0.]
 [  3. 398.   8.  13.   6.   1.   4.   0.]
 [ 10.  15. 410.   0.   7.  10.   2.   0.]
 [ 15.  35.   1. 395.   3.   0.   0.   1.]
 [  0.   5.   0.   6. 444.   2.   0.   3.]
 [  1.   0.   4.   1.   5. 433.   0.   3.]
 [ 17.   0.   1.   5.   0.   3. 398.  13.]
 [  0.   0.   0.   0.   1.   8.   1. 442.]]
step910
{'acc': 0.9182021217197096, 'f1': 0.9177135499010199, 'micro_f1': 0.9182021217197096, 'test_loss': 0.4573122485806899}
saving model of step910
Model train epoch:65,loss:0.0003172783939849718,training_time:2.16967910528183
[[369.  28.  12.  21.   1.   0.  18.   0.]
 [  3. 398.   8.  13.   6.   1.   4.   0.]
 [ 10.  15. 411.   0.   7.   9.   2.   0.]
 [ 15.  35.   1. 395.   3.   0.   0.   1.]
 [  0.   5.   0.   6. 444.   2.   0.   3.]
 [  1.   0.   4.   1.   5. 433.   0.   3.]
 [ 17.   0.   1.   5.   0.   3. 398.  13.]
 [  0.   0.   0.   0.   1.   8.   1. 442.]]
step924
{'acc': 0.9184812953657174, 'f1': 0.9179974845054759, 'micro_f1': 0.9184812953657174, 'test_loss': 0.4584575940721801}
saving model of step924
Model train epoch:66,loss:0.00030432255776499266,training_time:2.1577856056392193
[[369.  28.  12.  21.   1.   0.  18.   0.]
 [  3. 398.   8.  13.   6.   1.   4.   0.]
 [ 10.  15. 411.   0.   7.   9.   2.   0.]
 [ 15.  35.   1. 395.   3.   0.   0.   1.]
 [  0.   5.   0.   6. 444.   2.   0.   3.]
 [  1.   0.   4.   1.   5. 433.   0.   3.]
 [ 17.   0.   1.   5.   0.   3. 398.  13.]
 [  0.   0.   0.   0.   1.   8.   1. 442.]]
step938
{'acc': 0.9184812953657174, 'f1': 0.9179974845054759, 'micro_f1': 0.9184812953657174, 'test_loss': 0.4600910548386829}
saving model of step938
Model train epoch:67,loss:0.00028828711011945937,training_time:2.163592617958784
[[369.  28.  12.  21.   1.   0.  18.   0.]
 [  3. 398.   8.  13.   6.   1.   4.   0.]
 [ 10.  15. 411.   0.   7.   9.   2.   0.]
 [ 15.  35.   1. 395.   3.   0.   0.   1.]
 [  0.   5.   0.   6. 444.   2.   0.   3.]
 [  1.   0.   4.   1.   5. 433.   0.   3.]
 [ 17.   0.   1.   5.   0.   3. 398.  13.]
 [  0.   0.   0.   0.   1.   8.   1. 442.]]
step952
{'acc': 0.9184812953657174, 'f1': 0.9179974845054759, 'micro_f1': 0.9184812953657174, 'test_loss': 0.4608665112006877}
saving model of step952
Model train epoch:68,loss:0.00029021599454738734,training_time:2.160121373832226
[[369.  28.  12.  21.   1.   0.  18.   0.]
 [  3. 398.   8.  13.   6.   1.   4.   0.]
 [ 10.  15. 411.   0.   7.   9.   2.   0.]
 [ 15.  35.   1. 395.   3.   0.   0.   1.]
 [  0.   5.   0.   6. 444.   2.   0.   3.]
 [  1.   0.   4.   1.   5. 433.   0.   3.]
 [ 18.   0.   1.   5.   0.   3. 398.  12.]
 [  0.   0.   0.   0.   1.   8.   1. 442.]]
step966
{'acc': 0.9184812953657174, 'f1': 0.9180064674918246, 'micro_f1': 0.9184812953657174, 'test_loss': 0.46204946369731}
saving model of step966
Model train epoch:69,loss:0.0002692242622807888,training_time:2.1502849012613297
[[369.  28.  12.  21.   1.   0.  18.   0.]
 [  3. 397.   9.  13.   6.   1.   4.   0.]
 [ 10.  15. 411.   0.   7.   9.   2.   0.]
 [ 15.  35.   1. 395.   3.   0.   0.   1.]
 [  0.   5.   0.   6. 444.   2.   0.   3.]
 [  1.   0.   4.   1.   5. 433.   0.   3.]
 [ 17.   0.   1.   5.   0.   3. 399.  12.]
 [  0.   0.   0.   0.   1.   8.   1. 442.]]
step980
{'acc': 0.9184812953657174, 'f1': 0.918002016821591, 'micro_f1': 0.9184812953657174, 'test_loss': 0.46279709187469315}
saving model of step980
Model train epoch:70,loss:0.0002670731191756204,training_time:2.145419578999281
[[368.  28.  12.  22.   1.   0.  18.   0.]
 [  3. 397.   9.  13.   6.   1.   4.   0.]
 [ 10.  15. 411.   0.   7.   9.   2.   0.]
 [ 15.  35.   1. 395.   3.   0.   0.   1.]
 [  0.   5.   0.   6. 444.   2.   0.   3.]
 [  1.   0.   4.   1.   5. 433.   0.   3.]
 [ 16.   0.   1.   5.   0.   3. 400.  12.]
 [  0.   0.   0.   0.   1.   8.   1. 442.]]
step994
{'acc': 0.9184812953657174, 'f1': 0.917991094506906, 'micro_f1': 0.9184812953657174, 'test_loss': 0.4642327471769282}
saving model of step994
Model train epoch:71,loss:0.0002636286610920381,training_time:2.1636141128838062
[[366.  28.  12.  23.   2.   0.  18.   0.]
 [  3. 397.   9.  13.   7.   0.   4.   0.]
 [ 10.  15. 411.   0.   7.   9.   2.   0.]
 [ 15.  35.   1. 395.   3.   0.   0.   1.]
 [  0.   5.   0.   6. 444.   2.   0.   3.]
 [  1.   0.   4.   1.   5. 433.   0.   3.]
 [ 15.   0.   1.   5.   0.   3. 400.  13.]
 [  0.   0.   0.   0.   1.   8.   1. 442.]]
step1008
{'acc': 0.9179229480737019, 'f1': 0.9174004936460323, 'micro_f1': 0.9179229480737019, 'test_loss': 0.46561617457440924}
Model train epoch:72,loss:0.000278850357322621,training_time:2.065350379794836
[[366.  28.  12.  23.   2.   0.  18.   0.]
 [  3. 398.   8.  13.   7.   0.   4.   0.]
 [ 10.  15. 411.   0.   7.   9.   2.   0.]
 [ 15.  35.   1. 395.   3.   0.   0.   1.]
 [  0.   5.   0.   6. 444.   2.   0.   3.]
 [  1.   0.   4.   1.   5. 433.   0.   3.]
 [ 15.   0.   1.   5.   0.   3. 400.  13.]
 [  0.   0.   0.   0.   1.   7.   1. 443.]]
step1022
{'acc': 0.9184812953657174, 'f1': 0.917958656582964, 'micro_f1': 0.9184812953657174, 'test_loss': 0.467508948008929}
saving model of step1022
Model train epoch:73,loss:0.00027267049777687395,training_time:2.10892378911376
[[366.  28.  12.  23.   2.   0.  18.   0.]
 [  3. 398.   8.  13.   7.   0.   4.   0.]
 [ 10.  15. 411.   0.   7.   9.   2.   0.]
 [ 15.  35.   1. 395.   3.   0.   0.   1.]
 [  0.   4.   0.   6. 444.   2.   0.   4.]
 [  1.   0.   4.   1.   5. 433.   0.   3.]
 [ 16.   0.   1.   5.   0.   3. 399.  13.]
 [  0.   0.   0.   0.   1.   7.   1. 443.]]
step1036
{'acc': 0.9182021217197096, 'f1': 0.9176662726490437, 'micro_f1': 0.9182021217197096, 'test_loss': 0.4679992023988494}
Model train epoch:74,loss:0.0002587047721525388,training_time:2.0715120024979115
[[367.  28.  12.  22.   2.   0.  18.   0.]
 [  3. 397.   9.  13.   7.   0.   4.   0.]
 [ 10.  15. 411.   0.   7.   9.   2.   0.]
 [ 15.  35.   1. 395.   3.   0.   0.   1.]
 [  0.   4.   0.   6. 444.   2.   0.   4.]
 [  1.   0.   4.   1.   5. 433.   0.   3.]
 [ 16.   0.   1.   5.   0.   3. 400.  12.]
 [  0.   0.   0.   0.   1.   8.   1. 442.]]
step1050
{'acc': 0.9182021217197096, 'f1': 0.9176865903933603, 'micro_f1': 0.9182021217197096, 'test_loss': 0.46730249907289234}
Model train epoch:75,loss:0.00024329370873082162,training_time:2.102726988494396
[[368.  28.  12.  22.   1.   0.  18.   0.]
 [  3. 397.   9.  13.   7.   0.   4.   0.]
 [ 10.  15. 411.   0.   7.   9.   2.   0.]
 [ 15.  35.   1. 395.   3.   0.   0.   1.]
 [  0.   4.   0.   6. 445.   2.   0.   3.]
 [  1.   0.   4.   1.   5. 433.   0.   3.]
 [ 16.   0.   1.   5.   0.   3. 400.  12.]
 [  0.   0.   0.   0.   1.   8.   1. 442.]]
step1064
{'acc': 0.9187604690117253, 'f1': 0.9182545156684327, 'micro_f1': 0.9187604690117253, 'test_loss': 0.467888407143099}
saving model of step1064
Model train epoch:76,loss:0.00023652226913587322,training_time:2.1814321130514145
[[366.  28.  12.  23.   2.   0.  18.   0.]
 [  3. 397.   9.  13.   7.   0.   4.   0.]
 [ 10.  15. 411.   0.   7.   9.   2.   0.]
 [ 15.  35.   1. 395.   3.   0.   0.   1.]
 [  0.   4.   0.   6. 445.   2.   0.   3.]
 [  1.   0.   4.   1.   5. 433.   0.   3.]
 [ 16.   0.   1.   5.   0.   3. 400.  12.]
 [  0.   0.   0.   0.   1.   8.   1. 442.]]
step1078
{'acc': 0.9182021217197096, 'f1': 0.9176685889814633, 'micro_f1': 0.9182021217197096, 'test_loss': 0.46862776624038815}
Model train epoch:77,loss:0.0002326924098140028,training_time:2.1171773597598076
[[366.  28.  12.  23.   2.   0.  18.   0.]
 [  3. 397.   9.  13.   7.   0.   4.   0.]
 [ 10.  15. 411.   0.   7.   9.   2.   0.]
 [ 15.  35.   1. 395.   3.   0.   0.   1.]
 [  0.   4.   0.   6. 445.   2.   0.   3.]
 [  1.   0.   4.   1.   5. 433.   0.   3.]
 [ 16.   0.   1.   5.   0.   3. 400.  12.]
 [  0.   0.   0.   0.   1.   8.   1. 442.]]
step1092
{'acc': 0.9182021217197096, 'f1': 0.9176685889814633, 'micro_f1': 0.9182021217197096, 'test_loss': 0.4695207274385861}
Model train epoch:78,loss:0.00023519554815720767,training_time:2.1184434182941914
[[366.  28.  12.  23.   2.   0.  18.   0.]
 [  3. 397.   9.  13.   7.   0.   4.   0.]
 [ 10.  15. 411.   0.   7.   9.   2.   0.]
 [ 15.  35.   1. 395.   3.   0.   0.   1.]
 [  0.   4.   0.   6. 445.   2.   0.   3.]
 [  1.   0.   4.   1.   5. 433.   0.   3.]
 [ 15.   0.   1.   5.   0.   3. 400.  13.]
 [  0.   0.   0.   0.   1.   8.   1. 442.]]
step1106
{'acc': 0.9182021217197096, 'f1': 0.9176600310503419, 'micro_f1': 0.9182021217197096, 'test_loss': 0.47032353448282394}
Model train epoch:79,loss:0.00022609654427339722,training_time:2.1132344007492065
[[366.  28.  12.  23.   2.   0.  18.   0.]
 [  3. 397.   9.  13.   7.   0.   4.   0.]
 [ 10.  15. 411.   0.   7.   9.   2.   0.]
 [ 15.  35.   1. 395.   3.   0.   0.   1.]
 [  0.   4.   0.   6. 445.   2.   0.   3.]
 [  1.   0.   4.   1.   5. 433.   0.   3.]
 [ 15.   0.   1.   5.   0.   3. 400.  13.]
 [  0.   0.   0.   0.   1.   8.   1. 442.]]
step1120
{'acc': 0.9182021217197096, 'f1': 0.9176600310503419, 'micro_f1': 0.9182021217197096, 'test_loss': 0.471645015824054}
Model train epoch:80,loss:0.0002226541712713827,training_time:2.0910560972988605
[[367.  28.  12.  23.   1.   0.  18.   0.]
 [  3. 397.   9.  13.   7.   0.   4.   0.]
 [ 10.  15. 411.   0.   7.   9.   2.   0.]
 [ 15.  35.   1. 395.   3.   0.   0.   1.]
 [  0.   4.   0.   6. 445.   2.   0.   3.]
 [  1.   0.   4.   1.   5. 432.   1.   3.]
 [ 16.   0.   1.   5.   0.   3. 400.  12.]
 [  0.   0.   0.   0.   1.   7.   1. 443.]]
step1134
{'acc': 0.9184812953657174, 'f1': 0.9179597366789624, 'micro_f1': 0.9184812953657174, 'test_loss': 0.47295669186860323}
Model train epoch:81,loss:0.00022256724956345612,training_time:2.068394720554352
[[367.  28.  12.  23.   1.   0.  18.   0.]
 [  3. 397.   9.  13.   7.   0.   4.   0.]
 [ 10.  15. 411.   0.   7.   9.   2.   0.]
 [ 15.  35.   1. 395.   3.   0.   0.   1.]
 [  0.   4.   0.   6. 444.   2.   0.   4.]
 [  1.   0.   4.   1.   5. 432.   1.   3.]
 [ 16.   0.   1.   5.   0.   3. 400.  12.]
 [  0.   0.   0.   0.   1.   7.   1. 443.]]
step1148
{'acc': 0.9182021217197096, 'f1': 0.9176869567145237, 'micro_f1': 0.9182021217197096, 'test_loss': 0.47377424613971797}
Model train epoch:82,loss:0.00021814495578707595,training_time:2.0734351612627506
[[367.  28.  12.  23.   1.   0.  18.   0.]
 [  3. 397.   9.  13.   7.   0.   4.   0.]
 [ 10.  15. 411.   0.   7.   9.   2.   0.]
 [ 15.  35.   1. 395.   3.   0.   0.   1.]
 [  0.   4.   0.   6. 444.   2.   0.   4.]
 [  1.   0.   4.   1.   5. 432.   1.   3.]
 [ 16.   0.   1.   5.   0.   3. 400.  12.]
 [  0.   0.   0.   0.   1.   7.   1. 443.]]
step1162
{'acc': 0.9182021217197096, 'f1': 0.9176869567145237, 'micro_f1': 0.9182021217197096, 'test_loss': 0.47484565027324216}
Model train epoch:83,loss:0.00020577238423616758,training_time:2.072876863181591
[[367.  28.  12.  23.   1.   0.  18.   0.]
 [  3. 397.   9.  13.   7.   0.   4.   0.]
 [ 10.  15. 411.   0.   7.   9.   2.   0.]
 [ 15.  35.   1. 395.   3.   0.   0.   1.]
 [  0.   4.   0.   6. 444.   2.   0.   4.]
 [  1.   0.   4.   1.   5. 432.   1.   3.]
 [ 16.   0.   1.   5.   0.   3. 400.  12.]
 [  0.   0.   0.   0.   1.   7.   1. 443.]]
step1176
{'acc': 0.9182021217197096, 'f1': 0.9176869567145237, 'micro_f1': 0.9182021217197096, 'test_loss': 0.4757976764147835}
Model train epoch:84,loss:0.00021127082852347354,training_time:2.104327768087387
[[367.  28.  12.  23.   1.   0.  18.   0.]
 [  3. 397.   9.  13.   7.   0.   4.   0.]
 [ 10.  15. 411.   0.   7.   9.   2.   0.]
 [ 15.  35.   1. 395.   3.   0.   0.   1.]
 [  0.   4.   0.   6. 445.   2.   0.   3.]
 [  1.   0.   4.   1.   5. 432.   1.   3.]
 [ 16.   0.   1.   5.   0.   3. 400.  12.]
 [  0.   0.   0.   0.   1.   8.   1. 442.]]
step1190
{'acc': 0.9182021217197096, 'f1': 0.9176854458291723, 'micro_f1': 0.9182021217197096, 'test_loss': 0.4763335581602795}
Model train epoch:85,loss:0.00019776260679853813,training_time:2.113690569996834
[[367.  28.  12.  23.   1.   0.  18.   0.]
 [  3. 397.   9.  13.   7.   0.   4.   0.]
 [ 10.  15. 411.   0.   7.   9.   2.   0.]
 [ 15.  35.   1. 395.   3.   0.   0.   1.]
 [  0.   4.   0.   6. 445.   2.   0.   3.]
 [  1.   0.   4.   1.   5. 432.   1.   3.]
 [ 16.   0.   1.   5.   0.   3. 400.  12.]
 [  0.   0.   0.   0.   1.   7.   1. 443.]]
step1204
{'acc': 0.9184812953657174, 'f1': 0.9179597366789624, 'micro_f1': 0.9184812953657174, 'test_loss': 0.47730103554204106}
Model train epoch:86,loss:0.00019723088189493865,training_time:2.11917706951499
[[367.  28.  12.  23.   1.   0.  18.   0.]
 [  3. 397.   9.  13.   7.   0.   4.   0.]
 [ 10.  15. 411.   0.   7.   9.   2.   0.]
 [ 15.  35.   1. 395.   3.   0.   0.   1.]
 [  0.   4.   0.   6. 444.   2.   0.   4.]
 [  1.   0.   4.   1.   5. 432.   1.   3.]
 [ 16.   0.   1.   5.   0.   3. 400.  12.]
 [  0.   0.   0.   0.   1.   7.   1. 443.]]
step1218
{'acc': 0.9182021217197096, 'f1': 0.9176869567145237, 'micro_f1': 0.9182021217197096, 'test_loss': 0.4777526687165456}
Model train epoch:87,loss:0.000198568835912738,training_time:2.1132129691541195
[[366.  28.  12.  23.   2.   0.  18.   0.]
 [  3. 397.   9.  13.   7.   0.   4.   0.]
 [ 10.  15. 411.   0.   7.   9.   2.   0.]
 [ 15.  35.   1. 395.   3.   0.   0.   1.]
 [  0.   4.   0.   6. 445.   2.   0.   3.]
 [  1.   0.   4.   1.   5. 432.   1.   3.]
 [ 16.   0.   1.   5.   0.   3. 400.  12.]
 [  0.   0.   0.   0.   1.   8.   1. 442.]]
step1232
{'acc': 0.9179229480737019, 'f1': 0.9173898915713223, 'micro_f1': 0.9179229480737019, 'test_loss': 0.4787431045302323}
Model train epoch:88,loss:0.00020286907238187268,training_time:2.1292391791939735
[[366.  28.  12.  23.   2.   0.  18.   0.]
 [  3. 397.   9.  13.   7.   0.   4.   0.]
 [ 10.  15. 411.   0.   7.   9.   2.   0.]
 [ 15.  35.   1. 395.   3.   0.   0.   1.]
 [  0.   4.   0.   6. 445.   2.   0.   3.]
 [  1.   0.   4.   1.   5. 432.   1.   3.]
 [ 17.   0.   1.   5.   0.   3. 399.  12.]
 [  0.   0.   0.   0.   1.   8.   1. 442.]]
step1246
{'acc': 0.9176437744276941, 'f1': 0.9171107221217696, 'micro_f1': 0.9176437744276941, 'test_loss': 0.4791718322916755}
Model train epoch:89,loss:0.00019579148543665985,training_time:2.1186658777296543
[[366.  28.  12.  23.   2.   0.  18.   0.]
 [  3. 397.   9.  13.   7.   0.   4.   0.]
 [ 10.  15. 411.   0.   7.   9.   2.   0.]
 [ 15.  35.   1. 395.   3.   0.   0.   1.]
 [  0.   4.   0.   6. 445.   2.   0.   3.]
 [  2.   0.   4.   1.   5. 432.   0.   3.]
 [ 17.   0.   1.   5.   0.   3. 399.  12.]
 [  0.   0.   0.   0.   1.   8.   1. 442.]]
step1260
{'acc': 0.9176437744276941, 'f1': 0.9171218379936177, 'micro_f1': 0.9176437744276941, 'test_loss': 0.47984773239919115}
Model train epoch:90,loss:0.00018891876555114453,training_time:2.1012805104255676
[[367.  28.  12.  23.   1.   0.  18.   0.]
 [  3. 397.   9.  13.   7.   0.   4.   0.]
 [ 10.  15. 411.   0.   7.   9.   2.   0.]
 [ 15.  35.   1. 395.   3.   0.   0.   1.]
 [  0.   4.   0.   6. 445.   2.   0.   3.]
 [  2.   0.   4.   1.   5. 432.   0.   3.]
 [ 16.   0.   1.   5.   0.   3. 400.  12.]
 [  0.   0.   0.   0.   1.   8.   1. 442.]]
step1274
{'acc': 0.9182021217197096, 'f1': 0.9176962494464651, 'micro_f1': 0.9182021217197096, 'test_loss': 0.4801286876733814}
Model train epoch:91,loss:0.0001905661857953029,training_time:2.095019917935133
[[367.  28.  12.  23.   1.   0.  18.   0.]
 [  3. 397.   9.  13.   7.   0.   4.   0.]
 [ 10.  15. 411.   0.   7.   9.   2.   0.]
 [ 15.  35.   1. 395.   3.   0.   0.   1.]
 [  0.   4.   0.   6. 445.   2.   0.   3.]
 [  2.   0.   4.   1.   5. 432.   0.   3.]
 [ 16.   0.   1.   5.   0.   3. 400.  12.]
 [  0.   0.   0.   0.   1.   8.   1. 442.]]
step1288
{'acc': 0.9182021217197096, 'f1': 0.9176962494464651, 'micro_f1': 0.9182021217197096, 'test_loss': 0.4807319864630699}
Model train epoch:92,loss:0.0001833362943476199,training_time:2.1247064732015133
[[367.  28.  12.  23.   1.   0.  18.   0.]
 [  3. 397.   9.  13.   7.   0.   4.   0.]
 [ 10.  15. 411.   0.   7.   9.   2.   0.]
 [ 15.  35.   1. 395.   3.   0.   0.   1.]
 [  0.   4.   0.   6. 445.   2.   0.   3.]
 [  2.   0.   4.   1.   5. 432.   0.   3.]
 [ 16.   0.   1.   5.   0.   3. 400.  12.]
 [  0.   0.   0.   0.   1.   8.   1. 442.]]
step1302
{'acc': 0.9182021217197096, 'f1': 0.9176962494464651, 'micro_f1': 0.9182021217197096, 'test_loss': 0.48150370669152054}
Model train epoch:93,loss:0.00017731491763177992,training_time:2.1438582316040993
[[367.  28.  12.  23.   1.   0.  18.   0.]
 [  3. 397.   9.  13.   7.   0.   4.   0.]
 [ 10.  15. 411.   0.   7.   9.   2.   0.]
 [ 15.  35.   1. 395.   3.   0.   0.   1.]
 [  0.   4.   0.   6. 444.   2.   0.   4.]
 [  2.   0.   4.   1.   5. 432.   0.   3.]
 [ 16.   0.   1.   5.   0.   3. 400.  12.]
 [  0.   0.   0.   0.   1.   8.   1. 442.]]
step1316
{'acc': 0.9179229480737019, 'f1': 0.9174234789771352, 'micro_f1': 0.9179229480737019, 'test_loss': 0.4824645416145878}
Model train epoch:94,loss:0.00017166772054874206,training_time:2.125851020216942
[[366.  28.  12.  23.   2.   0.  18.   0.]
 [  3. 397.   9.  13.   7.   0.   4.   0.]
 [ 10.  15. 411.   0.   7.   9.   2.   0.]
 [ 15.  35.   1. 395.   3.   0.   0.   1.]
 [  0.   4.   0.   6. 445.   2.   0.   3.]
 [  2.   0.   4.   1.   5. 432.   0.   3.]
 [ 17.   0.   1.   5.   0.   3. 399.  12.]
 [  0.   0.   0.   0.   1.   8.   1. 442.]]
step1330
{'acc': 0.9176437744276941, 'f1': 0.9171218379936177, 'micro_f1': 0.9176437744276941, 'test_loss': 0.4839841553808323}
Model train epoch:95,loss:0.00017336285548351173,training_time:2.1149903386831284
[[366.  28.  12.  23.   2.   0.  18.   0.]
 [  3. 397.   9.  13.   7.   0.   4.   0.]
 [ 10.  15. 411.   0.   7.   9.   2.   0.]
 [ 15.  35.   1. 395.   3.   0.   0.   1.]
 [  0.   4.   0.   6. 445.   2.   0.   3.]
 [  2.   0.   4.   1.   5. 432.   0.   3.]
 [ 17.   0.   1.   5.   0.   3. 399.  12.]
 [  0.   0.   0.   0.   1.   8.   1. 442.]]
step1344
{'acc': 0.9176437744276941, 'f1': 0.9171218379936177, 'micro_f1': 0.9176437744276941, 'test_loss': 0.48436727467924356}
Model train epoch:96,loss:0.0001776031224705678,training_time:2.209800746291876
[[366.  28.  12.  23.   2.   0.  18.   0.]
 [  3. 397.   9.  13.   7.   0.   4.   0.]
 [ 10.  15. 411.   0.   7.   9.   2.   0.]
 [ 15.  35.   1. 395.   3.   0.   0.   1.]
 [  0.   4.   0.   6. 445.   2.   0.   3.]
 [  2.   0.   4.   1.   5. 432.   0.   3.]
 [ 16.   0.   1.   5.   0.   3. 400.  12.]
 [  0.   0.   0.   0.   1.   8.   1. 442.]]
step1358
{'acc': 0.9179229480737019, 'f1': 0.9174007453236257, 'micro_f1': 0.9179229480737019, 'test_loss': 0.4852731805294752}
Model train epoch:97,loss:0.00016807083635025525,training_time:2.25581219419837
[[366.  28.  12.  23.   2.   0.  18.   0.]
 [  3. 397.   9.  13.   7.   0.   4.   0.]
 [ 10.  15. 411.   0.   7.   9.   2.   0.]
 [ 15.  35.   1. 395.   3.   0.   0.   1.]
 [  0.   4.   0.   6. 445.   2.   0.   3.]
 [  2.   0.   4.   1.   5. 432.   0.   3.]
 [ 17.   0.   1.   5.   0.   3. 399.  12.]
 [  0.   0.   0.   0.   1.   8.   1. 442.]]
step1372
{'acc': 0.9176437744276941, 'f1': 0.9171218379936177, 'micro_f1': 0.9176437744276941, 'test_loss': 0.4861585858411023}
Model train epoch:98,loss:0.0001603531174103929,training_time:2.21063032746315
[[366.  28.  12.  23.   2.   0.  18.   0.]
 [  3. 397.   9.  13.   7.   0.   4.   0.]
 [ 10.  15. 411.   0.   7.   9.   2.   0.]
 [ 14.  35.   1. 396.   3.   0.   0.   1.]
 [  0.   4.   0.   6. 445.   2.   0.   3.]
 [  2.   0.   4.   1.   5. 432.   0.   3.]
 [ 16.   0.   1.   6.   0.   3. 399.  12.]
 [  0.   0.   0.   0.   1.   7.   1. 443.]]
step1386
{'acc': 0.9182021217197096, 'f1': 0.9176752041100245, 'micro_f1': 0.9182021217197096, 'test_loss': 0.4871050257102719}
Model train epoch:99,loss:0.00016422741620252573,training_time:2.2109204903244972
[[366.  28.  12.  23.   2.   0.  18.   0.]
 [  3. 397.   9.  13.   7.   0.   4.   0.]
 [ 10.  15. 411.   0.   7.   9.   2.   0.]
 [ 14.  35.   1. 396.   3.   0.   0.   1.]
 [  0.   4.   0.   6. 446.   2.   0.   2.]
 [  2.   0.   4.   1.   5. 432.   0.   3.]
 [ 16.   0.   1.   6.   0.   3. 399.  12.]
 [  0.   0.   0.   0.   1.   7.   1. 443.]]
step1400
{'acc': 0.9184812953657174, 'f1': 0.9179479602105114, 'micro_f1': 0.9184812953657174, 'test_loss': 0.4876205762848258}
Model train epoch:100,loss:0.0001609703301385577,training_time:2.5138643607497215
