[[210.   0.   2.   0.   0.   0.   0.   1.   0.   7.]
 [  0. 218.   2.   0.   0.   0.   0.   0.   0.   0.]
 [  2.   1. 213.   0.   0.   3.   1.   0.   0.   0.]
 [  3.   0.   1. 213.   0.   0.   2.   1.   0.   0.]
 [  0.   0.   0.   1. 217.   0.   0.   2.   0.   0.]
 [  9.   1.   0.   3.   6. 200.   0.   0.   1.   0.]
 [  5.   0.   1.   0.   0.   2. 211.   0.   0.   1.]
 [  2.   0.   0.   1.   0.   0.   0. 211.   0.   6.]
 [  0.   0.   0.   1.   0.   0.   0.   0. 219.   0.]
 [  0.   0.   1.   0.   0.   0.   0.   1.   0. 217.]]
step103
{'acc': 0.9681673487949067, 'f1': 0.9681741582990615, 'micro_f1': 0.9681673487949067, 'test_loss': 0.12143553047041808}
saving model of step103
Model train epoch:1,loss:0.4231847871381503,training_time:9.051692731678486
[[193.   0.   0.   3.   1.   3.   0.   7.   0.  13.]
 [  0. 219.   1.   0.   0.   0.   0.   0.   0.   0.]
 [  0.   3. 207.   4.   0.   0.   0.   4.   0.   2.]
 [  0.   0.   0. 220.   0.   0.   0.   0.   0.   0.]
 [  0.   0.   0.   1. 217.   0.   0.   2.   0.   0.]
 [  0.   1.   0.   4.  43. 171.   0.   0.   1.   0.]
 [  1.   0.   1.   0.   0.   5. 205.   7.   0.   1.]
 [  0.   0.   0.   0.   0.   0.   0. 218.   0.   2.]
 [  0.   0.   0.   0.   0.   0.   0.   0. 220.   0.]
 [  0.   0.   0.   0.   0.   0.   0.   1.   0. 218.]]
step206
{'acc': 0.9495225102319236, 'f1': 0.9489567654377913, 'micro_f1': 0.9495225102319236, 'test_loss': 0.17117136905768088}
Model train epoch:2,loss:0.08734270547015163,training_time:8.90010828524828
[[202.   0.   0.   0.   2.   5.   0.   1.   0.  10.]
 [  0. 220.   0.   0.   0.   0.   0.   0.   0.   0.]
 [  1.   1. 213.   0.   0.   2.   3.   0.   0.   0.]
 [  4.   0.   0. 214.   2.   0.   0.   0.   0.   0.]
 [  0.   0.   0.   0. 219.   0.   0.   1.   0.   0.]
 [  0.   0.   0.   0.   5. 215.   0.   0.   0.   0.]
 [  7.   0.   1.   0.   0.   2. 209.   0.   0.   1.]
 [  0.   4.   0.   0.   3.   0.   0. 206.   0.   7.]
 [  0.   0.   0.   0.   0.   2.   0.   0. 218.   0.]
 [  0.   0.   0.   0.   0.   0.   0.   0.   0. 219.]]
step309
{'acc': 0.9708958617553434, 'f1': 0.9708851804066103, 'micro_f1': 0.9708958617553434, 'test_loss': 0.08840713049950344}
saving model of step309
Model train epoch:3,loss:0.04630331121062717,training_time:8.972480967640877
[[199.   0.   0.   0.   0.  10.   0.   4.   0.   7.]
 [  0. 215.   0.   0.   0.   0.   0.   2.   3.   0.]
 [  1.   0. 216.   0.   0.   0.   0.   1.   0.   2.]
 [  0.   0.   1. 219.   0.   0.   0.   0.   0.   0.]
 [  0.   0.   0.   0. 220.   0.   0.   0.   0.   0.]
 [  0.   0.   0.   0.   6. 214.   0.   0.   0.   0.]
 [  4.   0.   1.   0.   0.   7. 202.   0.   0.   6.]
 [  2.   0.   0.   7.   0.   0.   0. 210.   0.   1.]
 [  0.   0.   0.   0.   0.   0.   0.   0. 220.   0.]
 [  0.   0.   0.   0.   0.   0.   0.   1.   0. 218.]]
step412
{'acc': 0.9699863574351978, 'f1': 0.9698641978529379, 'micro_f1': 0.9699863574351978, 'test_loss': 0.09179564909843196}
Model train epoch:4,loss:0.03970500569602546,training_time:8.90335227549076
[[207.   0.   1.   0.   0.   6.   1.   3.   1.   1.]
 [  0. 218.   2.   0.   0.   0.   0.   0.   0.   0.]
 [  0.   2. 213.   0.   0.   0.   0.   1.   4.   0.]
 [  1.   0.   2. 213.   0.   0.   0.   2.   2.   0.]
 [  0.   0.   0.   0. 219.   0.   0.   1.   0.   0.]
 [  0.   0.   0.   1.   6. 213.   0.   0.   0.   0.]
 [  0.   0.   1.   0.   0.   1. 217.   1.   0.   0.]
 [  0.   0.   0.   2.   0.   0.   0. 218.   0.   0.]
 [  0.   0.   0.   0.   0.   0.   0.   0. 220.   0.]
 [  0.   0.   9.   0.   0.   0.   0.   1.   0. 209.]]
step515
{'acc': 0.9763528876762164, 'f1': 0.976356546685658, 'micro_f1': 0.9763528876762164, 'test_loss': 0.06123962779279931}
saving model of step515
Model train epoch:5,loss:0.02033735394965893,training_time:9.093447744846344
[[212.   0.   0.   0.   0.   4.   0.   1.   0.   3.]
 [  0. 220.   0.   0.   0.   0.   0.   0.   0.   0.]
 [  0.   0. 218.   0.   0.   0.   0.   1.   0.   1.]
 [  2.   0.   1. 215.   0.   0.   0.   0.   2.   0.]
 [  0.   0.   0.   0. 219.   0.   0.   1.   0.   0.]
 [  2.   0.   0.   0.   3. 215.   0.   0.   0.   0.]
 [ 12.   0.   1.   0.   0.   1. 197.   4.   0.   5.]
 [  0.   0.   0.   2.   0.   0.   0. 217.   0.   1.]
 [  0.   0.   0.   0.   0.   0.   0.   0. 220.   0.]
 [  0.   0.   0.   0.   0.   0.   0.   1.   0. 218.]]
step618
{'acc': 0.9781718963165075, 'f1': 0.9780533944798826, 'micro_f1': 0.9781718963165075, 'test_loss': 0.08086924984485709}
saving model of step618
Model train epoch:6,loss:0.009721153001009952,training_time:9.223918952047825
[[207.   0.   0.   0.   0.   5.   0.   0.   0.   8.]
 [  0. 219.   1.   0.   0.   0.   0.   0.   0.   0.]
 [  0.   0. 214.   0.   0.   1.   0.   3.   0.   2.]
 [  2.   0.   1. 215.   0.   0.   1.   0.   1.   0.]
 [  0.   1.   0.   0. 219.   0.   0.   0.   0.   0.]
 [  0.   0.   0.   0.   1. 219.   0.   0.   0.   0.]
 [  1.   0.   0.   0.   0.   5. 214.   0.   0.   0.]
 [  7.   0.   0.   0.   2.   0.   0. 200.   0.  11.]
 [  0.   0.   0.   0.   0.   0.   0.   0. 220.   0.]
 [  0.   0.   0.   0.   0.   0.   1.   0.   0. 218.]]
step721
{'acc': 0.975443383356071, 'f1': 0.9754238994852278, 'micro_f1': 0.975443383356071, 'test_loss': 0.08214383948278348}
Model train epoch:7,loss:0.012069632474986765,training_time:9.440966948866844
[[209.   0.   0.   0.   0.   4.   0.   4.   0.   3.]
 [  0. 219.   1.   0.   0.   0.   0.   0.   0.   0.]
 [  0.   0. 218.   0.   0.   0.   1.   1.   0.   0.]
 [  2.   0.   2. 211.   0.   0.   2.   1.   2.   0.]
 [  0.   0.   0.   0. 217.   0.   0.   3.   0.   0.]
 [  1.   0.   0.   0.   0. 219.   0.   0.   0.   0.]
 [  1.   0.   0.   0.   0.   1. 218.   0.   0.   0.]
 [  2.   0.   0.   0.   0.   0.   0. 215.   0.   3.]
 [  0.   0.   0.   0.   0.   0.   0.   1. 219.   0.]
 [  0.   0.   6.   0.   0.   0.   1.   0.   0. 212.]]
step824
{'acc': 0.9809004092769441, 'f1': 0.9808939431534471, 'micro_f1': 0.9809004092769441, 'test_loss': 0.05977107606013306}
saving model of step824
Model train epoch:8,loss:0.022388232004372045,training_time:9.570583678781986
[[195.   0.   0.   0.   0.   5.   2.   9.   0.   9.]
 [  0. 219.   1.   0.   0.   0.   0.   0.   0.   0.]
 [  0.   0. 218.   0.   0.   0.   0.   0.   0.   2.]
 [  1.   0.   1. 217.   1.   0.   0.   0.   0.   0.]
 [  0.   0.   0.   0. 219.   0.   0.   1.   0.   0.]
 [  1.   1.   0.   0.   5. 213.   0.   0.   0.   0.]
 [  0.   0.   0.   0.   0.   1. 218.   1.   0.   0.]
 [  0.   0.   0.   0.   0.   0.   0. 219.   0.   1.]
 [  0.   0.   0.   0.   0.   0.   0.   1. 219.   0.]
 [  0.   0.   0.   0.   0.   0.   1.   1.   0. 217.]]
step927
{'acc': 0.9795361527967258, 'f1': 0.9793568128887369, 'micro_f1': 0.9795361527967258, 'test_loss': 0.07814979957849054}
Model train epoch:9,loss:0.022935814108887616,training_time:9.384514413774014
[[204.   0.   0.   1.   0.   2.   0.  11.   0.   2.]
 [  0. 218.   1.   0.   0.   0.   0.   1.   0.   0.]
 [  0.   0. 215.   0.   0.   0.   0.   3.   1.   1.]
 [  0.   0.   2. 217.   0.   0.   0.   0.   1.   0.]
 [  0.   0.   0.   0. 218.   0.   0.   2.   0.   0.]
 [  1.   1.   0.   2.   4. 212.   0.   0.   0.   0.]
 [  7.   0.   0.   0.   0.   1. 207.   4.   0.   1.]
 [  0.   0.   0.   0.   0.   0.   0. 220.   0.   0.]
 [  0.   0.   0.   0.   0.   0.   0.   0. 220.   0.]
 [  0.   0.   0.   0.   0.   0.   0.   5.   0. 214.]]
step1030
{'acc': 0.975443383356071, 'f1': 0.9755488701845666, 'micro_f1': 0.975443383356071, 'test_loss': 0.09046221693279222}
Model train epoch:10,loss:0.01130153205303941,training_time:9.359788455069065
[[209.   0.   0.   0.   0.   1.   1.   4.   0.   5.]
 [  0. 219.   1.   0.   0.   0.   0.   0.   0.   0.]
 [  1.   0. 218.   0.   0.   0.   0.   0.   0.   1.]
 [  2.   0.   3. 214.   0.   0.   0.   1.   0.   0.]
 [  0.   0.   0.   0. 217.   0.   0.   3.   0.   0.]
 [  0.   1.   0.   1.   2. 216.   0.   0.   0.   0.]
 [  3.   0.   1.   0.   0.   1. 213.   0.   0.   2.]
 [  0.   0.   0.   1.   0.   0.   0. 219.   0.   0.]
 [  0.   0.   0.   0.   0.   0.   0.   0. 220.   0.]
 [  0.   0.   0.   0.   0.   0.   0.   1.   0. 218.]]
step1133
{'acc': 0.9836289222373806, 'f1': 0.9836156628256282, 'micro_f1': 0.9836289222373806, 'test_loss': 0.05515768951237468}
saving model of step1133
Model train epoch:11,loss:0.023036571486255316,training_time:9.45145308971405
[[206.   0.   0.   0.   0.   3.   0.   2.   2.   7.]
 [  0. 217.   1.   0.   0.   0.   0.   0.   2.   0.]
 [  1.   0. 217.   0.   0.   0.   0.   0.   0.   2.]
 [  3.   0.   1. 211.   0.   0.   0.   0.   5.   0.]
 [  0.   0.   0.   0. 219.   0.   0.   1.   0.   0.]
 [  1.   0.   0.   0.   1. 217.   0.   0.   1.   0.]
 [  1.   0.   0.   0.   0.   2. 216.   0.   0.   1.]
 [  0.   0.   0.   2.   0.   0.   0. 216.   0.   2.]
 [  0.   0.   0.   0.   0.   0.   0.   0. 220.   0.]
 [  0.   0.   1.   0.   0.   0.   0.   0.   0. 218.]]
step1236
{'acc': 0.9809004092769441, 'f1': 0.9808858098564721, 'micro_f1': 0.9809004092769441, 'test_loss': 0.07123627608899759}
Model train epoch:12,loss:0.013828690877394715,training_time:9.413411900401115
[[193.   0.   0.   0.   0.   5.   0.  15.   0.   7.]
 [  0. 220.   0.   0.   0.   0.   0.   0.   0.   0.]
 [  0.   0. 209.   0.   0.   0.   0.   4.   0.   7.]
 [  2.   0.   0. 210.   1.   1.   0.   6.   0.   0.]
 [  0.   0.   0.   0. 219.   0.   0.   1.   0.   0.]
 [  0.   0.   0.   0.   2. 218.   0.   0.   0.   0.]
 [  2.   0.   0.   0.   0.   1. 210.   5.   0.   2.]
 [  0.   0.   0.   0.   3.   0.   0. 217.   0.   0.]
 [  0.   0.   0.   0.   0.   0.   0.   0. 220.   0.]
 [  0.   0.   0.   0.   0.   0.   0.   1.   0. 218.]]
step1339
{'acc': 0.9704411095952705, 'f1': 0.9705397303203659, 'micro_f1': 0.9704411095952705, 'test_loss': 0.10857043336436618}
Model train epoch:13,loss:0.011276861692189973,training_time:9.41597331315279
[[211.   0.   0.   0.   0.   5.   0.   1.   0.   3.]
 [  0. 219.   1.   0.   0.   0.   0.   0.   0.   0.]
 [  0.   0. 218.   0.   0.   0.   1.   1.   0.   0.]
 [  4.   0.   1. 214.   0.   0.   0.   1.   0.   0.]
 [  0.   0.   0.   0. 219.   0.   0.   1.   0.   0.]
 [  1.   0.   0.   0.   0. 219.   0.   0.   0.   0.]
 [  3.   0.   0.   0.   0.   0. 217.   0.   0.   0.]
 [  1.   1.   0.   0.   1.   0.   0. 217.   0.   0.]
 [  0.   0.   0.   0.   0.   0.   0.   0. 220.   0.]
 [  0.   0.   0.   0.   0.   0.   1.   1.   0. 217.]]
step1442
{'acc': 0.9872669395179627, 'f1': 0.9872692101811456, 'micro_f1': 0.9872669395179627, 'test_loss': 0.040603774717185716}
saving model of step1442
Model train epoch:14,loss:0.012542740269474542,training_time:9.404108971357346
[[206.   0.   0.   0.   0.   3.   0.   4.   0.   7.]
 [  0. 217.   1.   0.   0.   0.   0.   0.   2.   0.]
 [  0.   0. 217.   0.   0.   0.   0.   2.   0.   1.]
 [  4.   0.   1. 214.   0.   0.   0.   1.   0.   0.]
 [  0.   0.   0.   0. 220.   0.   0.   0.   0.   0.]
 [  1.   0.   0.   0.   8. 211.   0.   0.   0.   0.]
 [  1.   0.   0.   0.   0.   1. 218.   0.   0.   0.]
 [  0.   0.   0.   0.   0.   0.   0. 220.   0.   0.]
 [  0.   0.   0.   0.   0.   0.   0.   0. 220.   0.]
 [  0.   0.   0.   0.   0.   0.   0.   1.   0. 218.]]
step1545
{'acc': 0.9827194179172352, 'f1': 0.9826709149502468, 'micro_f1': 0.9827194179172352, 'test_loss': 0.06770224251751122}
Model train epoch:15,loss:0.003616349587760991,training_time:9.440664269030094
[[209.   0.   0.   0.   0.   2.   0.   4.   0.   5.]
 [  0. 220.   0.   0.   0.   0.   0.   0.   0.   0.]
 [  0.   0. 218.   0.   0.   0.   1.   1.   0.   0.]
 [  3.   0.   1. 215.   0.   0.   0.   0.   1.   0.]
 [  0.   0.   0.   0. 220.   0.   0.   0.   0.   0.]
 [  1.   0.   0.   0.   5. 214.   0.   0.   0.   0.]
 [  1.   0.   0.   0.   0.   1. 217.   0.   0.   1.]
 [  0.   0.   0.   8.   3.   0.   0. 209.   0.   0.]
 [  0.   0.   0.   0.   0.   0.   0.   0. 220.   0.]
 [  0.   0.   0.   0.   0.   0.   0.   1.   0. 218.]]
step1648
{'acc': 0.9822646657571623, 'f1': 0.9822220638616853, 'micro_f1': 0.9822646657571623, 'test_loss': 0.05869273262401943}
Model train epoch:16,loss:0.004341063571141253,training_time:9.380218029022217
[[206.   0.   0.   1.   1.   1.   0.   5.   0.   6.]
 [  0. 219.   1.   0.   0.   0.   0.   0.   0.   0.]
 [  0.   0. 218.   0.   0.   0.   0.   1.   0.   1.]
 [  2.   1.   1. 207.   2.   0.   0.   6.   1.   0.]
 [  0.   0.   0.   0. 219.   0.   0.   1.   0.   0.]
 [  0.   0.   0.   0.   7. 213.   0.   0.   0.   0.]
 [  0.   0.   3.   0.   0.   0. 208.   8.   0.   1.]
 [  1.   0.   0.   0.   1.   0.   0. 215.   0.   3.]
 [  0.   3.   1.   0.   0.   0.   0.   1. 215.   0.]
 [  0.   0.   0.   0.   0.   0.   0.   1.   0. 218.]]
step1751
{'acc': 0.9722601182355616, 'f1': 0.9723538197343133, 'micro_f1': 0.9722601182355616, 'test_loss': 0.10110789814456698}
Model train epoch:17,loss:0.009501901506994797,training_time:9.79128534346819
[[204.   0.   0.   1.   1.   3.   0.   5.   0.   6.]
 [  0. 219.   1.   0.   0.   0.   0.   0.   0.   0.]
 [  0.   0. 214.   0.   0.   0.   0.   1.   0.   5.]
 [  3.   0.   0. 214.   0.   0.   0.   2.   1.   0.]
 [  0.   0.   0.   0. 219.   0.   0.   1.   0.   0.]
 [  0.   0.   0.   0.   5. 215.   0.   0.   0.   0.]
 [  0.   0.   0.   0.   0.   0. 218.   1.   0.   1.]
 [  0.   0.   0.   0.   1.   0.   0. 218.   0.   1.]
 [  0.   1.   0.   0.   0.   0.   0.   0. 219.   0.]
 [  0.   0.   0.   0.   0.   0.   0.   1.   0. 218.]]
step1854
{'acc': 0.9813551614370168, 'f1': 0.981339608527465, 'micro_f1': 0.9813551614370168, 'test_loss': 0.06735618096718099}
Model train epoch:18,loss:0.004326683048650291,training_time:10.956008695065975
[[204.   0.   0.   0.   0.   3.   0.   5.   0.   8.]
 [  0. 219.   1.   0.   0.   0.   0.   0.   0.   0.]
 [  0.   0. 217.   0.   0.   0.   0.   1.   0.   2.]
 [  2.   0.   1. 217.   0.   0.   0.   0.   0.   0.]
 [  0.   0.   0.   0. 218.   0.   0.   2.   0.   0.]
 [  0.   1.   0.   2.   0. 217.   0.   0.   0.   0.]
 [ 20.   0.   1.   1.   0.   0. 198.   0.   0.   0.]
 [  0.   0.   0.   6.   0.   0.   0. 211.   0.   3.]
 [  0.   0.   3.  11.   0.   1.   0.   1. 204.   0.]
 [  0.   0.   0.   0.   0.   0.   0.   1.   0. 218.]]
step1957
{'acc': 0.9654388358344702, 'f1': 0.9654606831812902, 'micro_f1': 0.9654388358344702, 'test_loss': 0.12633063254927818}
Model train epoch:19,loss:0.020584758795638872,training_time:10.182251714169979
[[219.   0.   0.   0.   0.   0.   0.   0.   0.   1.]
 [  1. 219.   0.   0.   0.   0.   0.   0.   0.   0.]
 [  1.   2. 216.   0.   0.   0.   1.   0.   0.   0.]
 [  3.   0.   0. 215.   0.   0.   0.   1.   1.   0.]
 [  0.   0.   0.   0. 219.   0.   0.   1.   0.   0.]
 [  5.   0.   0.   0.   0. 215.   0.   0.   0.   0.]
 [  8.   0.   1.   0.   0.   0. 211.   0.   0.   0.]
 [ 10.   0.   0.   4.   0.   0.   0. 204.   0.   2.]
 [  0.   0.   0.   0.   0.   0.   0.   0. 220.   0.]
 [  1.   0.   0.   0.   0.   0.   0.   1.   0. 217.]]
step2060
{'acc': 0.9799909049567985, 'f1': 0.9802078040454181, 'micro_f1': 0.9799909049567985, 'test_loss': 0.06868421932033796}
Model train epoch:20,loss:0.017388800859267715,training_time:9.47750386595726
[[209.   0.   0.   0.   0.   0.   0.   6.   0.   5.]
 [  0. 219.   1.   0.   0.   0.   0.   0.   0.   0.]
 [  0.   0. 211.   0.   0.   0.   5.   1.   0.   3.]
 [  4.   0.   1. 213.   0.   0.   0.   2.   0.   0.]
 [  0.   0.   0.   0. 218.   0.   0.   2.   0.   0.]
 [  2.   0.   0.   0.   3. 215.   0.   0.   0.   0.]
 [  3.   0.   0.   0.   0.   0. 217.   0.   0.   0.]
 [  0.   0.   0.   0.   0.   0.   0. 219.   0.   1.]
 [  0.   0.   0.   0.   0.   0.   0.   1. 219.   0.]
 [  0.   0.   0.   0.   0.   0.   1.   1.   0. 217.]]
step2163
{'acc': 0.9809004092769441, 'f1': 0.9809370951194912, 'micro_f1': 0.9809004092769441, 'test_loss': 0.06627944879832544}
Model train epoch:21,loss:0.01337706829648456,training_time:9.194916225969791
[[205.   0.   0.   0.   0.   2.   0.   5.   0.   8.]
 [  0. 216.   1.   0.   0.   0.   0.   1.   2.   0.]
 [  0.   0. 218.   0.   0.   0.   1.   0.   0.   1.]
 [  4.   0.   1. 215.   0.   0.   0.   0.   0.   0.]
 [  0.   0.   0.   0. 219.   0.   0.   1.   0.   0.]
 [  2.   0.   0.   0.   3. 215.   0.   0.   0.   0.]
 [  5.   0.   3.   0.   0.   0. 212.   0.   0.   0.]
 [  0.   0.   0.   3.   1.   0.   0. 212.   0.   4.]
 [  0.   0.   0.   0.   0.   0.   0.   0. 220.   0.]
 [  0.   0.   0.   0.   0.   0.   0.   0.   0. 219.]]
step2266
{'acc': 0.9781718963165075, 'f1': 0.978151797271375, 'micro_f1': 0.9781718963165075, 'test_loss': 0.07446056071639759}
Model train epoch:22,loss:0.00821485109106736,training_time:9.523761600255966
[[193.   0.   0.   1.   1.   6.   2.   3.   0.  14.]
 [  0. 219.   1.   0.   0.   0.   0.   0.   0.   0.]
 [  0.   0. 214.   0.   0.   0.   1.   4.   0.   1.]
 [  2.   0.   1. 215.   0.   0.   0.   2.   0.   0.]
 [  0.   1.   0.   0. 218.   0.   0.   1.   0.   0.]
 [  0.   1.   0.   0.   0. 219.   0.   0.   0.   0.]
 [  0.   0.   0.   0.   0.   0. 220.   0.   0.   0.]
 [  0.   0.   0.   0.   0.   0.   0. 219.   0.   1.]
 [  0.   1.   1.   0.   0.   0.   0.   3. 215.   0.]
 [  0.   0.   0.   0.   0.   0.   0.   1.   0. 218.]]
step2369
{'acc': 0.9777171441564347, 'f1': 0.9775243786041032, 'micro_f1': 0.9777171441564346, 'test_loss': 0.09932157005283183}
Model train epoch:23,loss:0.016144837052427016,training_time:9.347069911658764
[[201.   0.   0.   0.   1.   5.   0.   7.   0.   6.]
 [  0. 219.   1.   0.   0.   0.   0.   0.   0.   0.]
 [  0.   0. 217.   0.   0.   0.   1.   2.   0.   0.]
 [  3.   0.   0. 216.   1.   0.   0.   0.   0.   0.]
 [  0.   0.   0.   0. 219.   0.   0.   1.   0.   0.]
 [  0.   0.   0.   0.   3. 217.   0.   0.   0.   0.]
 [  6.   0.   1.   0.   0.   3. 210.   0.   0.   0.]
 [  0.   0.   0.   0.   0.   0.   0. 220.   0.   0.]
 [  0.   0.   0.   0.   0.   0.   0.   0. 220.   0.]
 [  0.   0.   0.   0.   0.   0.   0.   1.   0. 218.]]
step2472
{'acc': 0.9809004092769441, 'f1': 0.9808095728330823, 'micro_f1': 0.9809004092769441, 'test_loss': 0.0744372492464858}
Model train epoch:24,loss:0.002843238058630959,training_time:9.454280465841293
[[206.   0.   0.   0.   1.   2.   0.   4.   0.   7.]
 [  0. 219.   1.   0.   0.   0.   0.   0.   0.   0.]
 [  0.   0. 217.   0.   0.   0.   1.   2.   0.   0.]
 [  3.   0.   0. 217.   0.   0.   0.   0.   0.   0.]
 [  0.   0.   0.   0. 219.   0.   0.   1.   0.   0.]
 [  0.   0.   0.   0.   1. 219.   0.   0.   0.   0.]
 [  4.   0.   0.   0.   0.   0. 216.   0.   0.   0.]
 [  0.   0.   0.   0.   0.   0.   0. 220.   0.   0.]
 [  0.   0.   0.   0.   0.   0.   0.   0. 220.   0.]
 [  0.   0.   0.   0.   0.   0.   0.   1.   0. 218.]]
step2575
{'acc': 0.9872669395179627, 'f1': 0.987230359110743, 'micro_f1': 0.9872669395179627, 'test_loss': 0.056257254237529454}
saving model of step2575
Model train epoch:25,loss:0.0003287633359762437,training_time:9.42374949902296
[[207.   0.   0.   0.   0.   2.   0.   4.   0.   7.]
 [  0. 219.   1.   0.   0.   0.   0.   0.   0.   0.]
 [  0.   0. 217.   0.   0.   0.   1.   2.   0.   0.]
 [  3.   0.   0. 217.   0.   0.   0.   0.   0.   0.]
 [  0.   0.   0.   0. 219.   0.   0.   1.   0.   0.]
 [  0.   0.   0.   0.   1. 219.   0.   0.   0.   0.]
 [  4.   0.   0.   0.   0.   0. 216.   0.   0.   0.]
 [  0.   0.   0.   0.   0.   0.   0. 220.   0.   0.]
 [  0.   0.   0.   0.   0.   0.   0.   0. 220.   0.]
 [  0.   0.   0.   0.   0.   0.   0.   1.   0. 218.]]
step2678
{'acc': 0.9877216916780355, 'f1': 0.9876976753607243, 'micro_f1': 0.9877216916780355, 'test_loss': 0.053861462925747866}
saving model of step2678
Model train epoch:26,loss:0.00017747991051482342,training_time:9.476819552481174
[[207.   0.   0.   0.   0.   2.   0.   4.   0.   7.]
 [  0. 219.   1.   0.   0.   0.   0.   0.   0.   0.]
 [  0.   0. 217.   0.   0.   0.   1.   2.   0.   0.]
 [  3.   0.   0. 217.   0.   0.   0.   0.   0.   0.]
 [  0.   0.   0.   0. 219.   0.   0.   1.   0.   0.]
 [  1.   0.   0.   0.   1. 218.   0.   0.   0.   0.]
 [  4.   0.   0.   0.   0.   0. 216.   0.   0.   0.]
 [  0.   0.   0.   0.   0.   0.   0. 220.   0.   0.]
 [  0.   0.   0.   0.   0.   0.   0.   0. 220.   0.]
 [  0.   0.   0.   0.   0.   0.   0.   1.   0. 218.]]
step2781
{'acc': 0.9872669395179627, 'f1': 0.987249565284456, 'micro_f1': 0.9872669395179627, 'test_loss': 0.05438445940671954}
Model train epoch:27,loss:0.00014604724957769996,training_time:9.314797833561897
[[207.   0.   0.   0.   0.   2.   0.   4.   0.   7.]
 [  0. 219.   1.   0.   0.   0.   0.   0.   0.   0.]
 [  0.   0. 217.   0.   0.   0.   1.   2.   0.   0.]
 [  3.   0.   0. 217.   0.   0.   0.   0.   0.   0.]
 [  0.   0.   0.   0. 219.   0.   0.   1.   0.   0.]
 [  1.   0.   0.   0.   1. 218.   0.   0.   0.   0.]
 [  4.   0.   0.   0.   0.   0. 216.   0.   0.   0.]
 [  0.   0.   0.   0.   0.   0.   0. 220.   0.   0.]
 [  0.   0.   0.   0.   0.   0.   0.   0. 220.   0.]
 [  0.   0.   0.   0.   0.   0.   0.   1.   0. 218.]]
step2884
{'acc': 0.9872669395179627, 'f1': 0.987249565284456, 'micro_f1': 0.9872669395179627, 'test_loss': 0.05418958249138086}
Model train epoch:28,loss:0.0001157441384188692,training_time:9.448430806398392
[[207.   0.   0.   0.   0.   2.   0.   4.   0.   7.]
 [  0. 219.   1.   0.   0.   0.   0.   0.   0.   0.]
 [  0.   0. 217.   0.   0.   0.   1.   2.   0.   0.]
 [  3.   0.   0. 217.   0.   0.   0.   0.   0.   0.]
 [  0.   0.   0.   0. 219.   0.   0.   1.   0.   0.]
 [  0.   0.   0.   0.   1. 219.   0.   0.   0.   0.]
 [  4.   0.   0.   0.   0.   0. 216.   0.   0.   0.]
 [  0.   0.   0.   0.   0.   0.   0. 220.   0.   0.]
 [  0.   0.   0.   0.   0.   0.   0.   0. 220.   0.]
 [  0.   0.   0.   0.   0.   0.   0.   1.   0. 218.]]
step2987
{'acc': 0.9877216916780355, 'f1': 0.9876976753607243, 'micro_f1': 0.9877216916780355, 'test_loss': 0.05675548126938728}
saving model of step2987
Model train epoch:29,loss:0.00012481549930061403,training_time:10.264169380068779
[[208.   0.   0.   0.   0.   2.   0.   3.   0.   7.]
 [  0. 219.   1.   0.   0.   0.   0.   0.   0.   0.]
 [  0.   0. 217.   0.   0.   0.   1.   2.   0.   0.]
 [  3.   0.   0. 217.   0.   0.   0.   0.   0.   0.]
 [  0.   0.   0.   0. 219.   0.   0.   1.   0.   0.]
 [  0.   0.   0.   0.   1. 219.   0.   0.   0.   0.]
 [  5.   0.   0.   0.   0.   0. 215.   0.   0.   0.]
 [  0.   0.   0.   0.   0.   0.   0. 220.   0.   0.]
 [  0.   0.   0.   0.   0.   0.   0.   0. 220.   0.]
 [  0.   0.   0.   0.   0.   0.   0.   1.   0. 218.]]
step3090
{'acc': 0.9877216916780355, 'f1': 0.9877065510590188, 'micro_f1': 0.9877216916780355, 'test_loss': 0.05697117948891121}
saving model of step3090
Model train epoch:30,loss:0.00011512655489171336,training_time:9.539965085685253
[[207.   0.   0.   0.   0.   2.   0.   4.   0.   7.]
 [  0. 219.   1.   0.   0.   0.   0.   0.   0.   0.]
 [  0.   0. 217.   0.   0.   0.   1.   2.   0.   0.]
 [  3.   0.   0. 217.   0.   0.   0.   0.   0.   0.]
 [  0.   0.   0.   0. 219.   0.   0.   1.   0.   0.]
 [  1.   0.   0.   0.   1. 218.   0.   0.   0.   0.]
 [  4.   0.   0.   0.   0.   0. 216.   0.   0.   0.]
 [  0.   0.   0.   0.   0.   0.   0. 220.   0.   0.]
 [  0.   0.   0.   0.   0.   0.   0.   0. 220.   0.]
 [  0.   0.   0.   0.   0.   0.   0.   1.   0. 218.]]
step3193
{'acc': 0.9872669395179627, 'f1': 0.987249565284456, 'micro_f1': 0.9872669395179627, 'test_loss': 0.05565230446778254}
Model train epoch:31,loss:8.655785579601518e-05,training_time:8.932853445410728
[[207.   0.   0.   0.   0.   2.   0.   4.   0.   7.]
 [  0. 219.   1.   0.   0.   0.   0.   0.   0.   0.]
 [  0.   0. 217.   0.   0.   0.   1.   2.   0.   0.]
 [  3.   0.   0. 217.   0.   0.   0.   0.   0.   0.]
 [  0.   0.   0.   0. 219.   0.   0.   1.   0.   0.]
 [  1.   0.   0.   0.   1. 218.   0.   0.   0.   0.]
 [  4.   0.   0.   0.   0.   0. 216.   0.   0.   0.]
 [  0.   0.   0.   0.   0.   0.   0. 220.   0.   0.]
 [  0.   0.   0.   0.   0.   0.   0.   0. 220.   0.]
 [  0.   0.   0.   0.   0.   0.   0.   1.   0. 218.]]
step3296
{'acc': 0.9872669395179627, 'f1': 0.987249565284456, 'micro_f1': 0.9872669395179627, 'test_loss': 0.05560932978925329}
Model train epoch:32,loss:7.836599031809153e-05,training_time:9.969778202474117
[[207.   0.   0.   0.   0.   2.   0.   4.   0.   7.]
 [  0. 219.   1.   0.   0.   0.   0.   0.   0.   0.]
 [  0.   0. 217.   0.   0.   0.   1.   2.   0.   0.]
 [  3.   0.   0. 217.   0.   0.   0.   0.   0.   0.]
 [  0.   0.   0.   0. 219.   0.   0.   1.   0.   0.]
 [  1.   0.   0.   0.   1. 218.   0.   0.   0.   0.]
 [  4.   0.   0.   0.   0.   0. 216.   0.   0.   0.]
 [  0.   0.   0.   0.   0.   0.   0. 220.   0.   0.]
 [  0.   0.   0.   0.   0.   0.   0.   0. 220.   0.]
 [  0.   0.   0.   0.   0.   0.   0.   1.   0. 218.]]
step3399
{'acc': 0.9872669395179627, 'f1': 0.987249565284456, 'micro_f1': 0.9872669395179627, 'test_loss': 0.055564453974589666}
Model train epoch:33,loss:6.744411252139589e-05,training_time:10.465334080159664
[[207.   0.   0.   0.   0.   2.   0.   4.   0.   7.]
 [  0. 219.   1.   0.   0.   0.   0.   0.   0.   0.]
 [  0.   0. 217.   0.   0.   0.   1.   2.   0.   0.]
 [  3.   0.   0. 217.   0.   0.   0.   0.   0.   0.]
 [  0.   0.   0.   0. 219.   0.   0.   1.   0.   0.]
 [  1.   0.   0.   0.   1. 218.   0.   0.   0.   0.]
 [  4.   0.   1.   0.   0.   0. 215.   0.   0.   0.]
 [  0.   0.   0.   0.   0.   0.   0. 220.   0.   0.]
 [  0.   0.   0.   0.   0.   0.   0.   0. 220.   0.]
 [  0.   0.   0.   0.   0.   0.   0.   1.   0. 218.]]
step3502
{'acc': 0.98681218735789, 'f1': 0.986791873100314, 'micro_f1': 0.98681218735789, 'test_loss': 0.05579785173935566}
Model train epoch:34,loss:7.399072809186272e-05,training_time:9.212102398276329
[[207.   0.   0.   0.   0.   2.   0.   4.   0.   7.]
 [  0. 219.   1.   0.   0.   0.   0.   0.   0.   0.]
 [  0.   0. 217.   0.   0.   0.   1.   2.   0.   0.]
 [  4.   0.   0. 216.   0.   0.   0.   0.   0.   0.]
 [  0.   0.   0.   0. 219.   0.   0.   1.   0.   0.]
 [  1.   0.   0.   0.   1. 218.   0.   0.   0.   0.]
 [  4.   0.   0.   0.   0.   0. 216.   0.   0.   0.]
 [  0.   0.   0.   0.   0.   0.   0. 220.   0.   0.]
 [  0.   0.   0.   0.   0.   0.   0.   0. 220.   0.]
 [  0.   0.   0.   0.   0.   0.   0.   1.   0. 218.]]
step3605
{'acc': 0.98681218735789, 'f1': 0.9868003475948942, 'micro_f1': 0.98681218735789, 'test_loss': 0.05617816166143582}
Model train epoch:35,loss:5.997049276209929e-05,training_time:9.041106656193733
[[207.   0.   0.   0.   0.   2.   0.   4.   0.   7.]
 [  0. 219.   1.   0.   0.   0.   0.   0.   0.   0.]
 [  0.   0. 217.   0.   0.   0.   1.   2.   0.   0.]
 [  3.   0.   0. 217.   0.   0.   0.   0.   0.   0.]
 [  0.   0.   0.   0. 219.   0.   0.   1.   0.   0.]
 [  1.   0.   0.   0.   1. 218.   0.   0.   0.   0.]
 [  4.   0.   0.   0.   0.   0. 216.   0.   0.   0.]
 [  0.   0.   0.   0.   0.   0.   0. 220.   0.   0.]
 [  0.   0.   0.   0.   0.   0.   0.   0. 220.   0.]
 [  0.   0.   0.   0.   0.   0.   0.   1.   0. 218.]]
step3708
{'acc': 0.9872669395179627, 'f1': 0.987249565284456, 'micro_f1': 0.9872669395179627, 'test_loss': 0.05484438551193307}
Model train epoch:36,loss:5.875102047306987e-05,training_time:9.50679025053978
[[207.   0.   0.   0.   0.   2.   0.   4.   0.   7.]
 [  0. 219.   1.   0.   0.   0.   0.   0.   0.   0.]
 [  0.   0. 217.   0.   0.   0.   1.   2.   0.   0.]
 [  4.   0.   0. 216.   0.   0.   0.   0.   0.   0.]
 [  0.   0.   0.   0. 219.   0.   0.   1.   0.   0.]
 [  1.   0.   0.   0.   1. 218.   0.   0.   0.   0.]
 [  4.   0.   1.   0.   0.   0. 215.   0.   0.   0.]
 [  0.   0.   0.   0.   0.   0.   0. 220.   0.   0.]
 [  0.   0.   0.   0.   0.   0.   0.   0. 220.   0.]
 [  0.   0.   0.   0.   0.   0.   0.   1.   0. 218.]]
step3811
{'acc': 0.9863574351978172, 'f1': 0.9863426554107522, 'micro_f1': 0.9863574351978172, 'test_loss': 0.05561452674030858}
Model train epoch:37,loss:6.170130726646815e-05,training_time:9.493526309728622
[[208.   0.   0.   0.   0.   2.   0.   3.   0.   7.]
 [  0. 219.   1.   0.   0.   0.   0.   0.   0.   0.]
 [  0.   0. 217.   0.   0.   0.   1.   2.   0.   0.]
 [  4.   0.   0. 216.   0.   0.   0.   0.   0.   0.]
 [  0.   0.   0.   0. 219.   0.   0.   1.   0.   0.]
 [  1.   0.   0.   0.   1. 218.   0.   0.   0.   0.]
 [  4.   0.   1.   0.   0.   0. 215.   0.   0.   0.]
 [  0.   0.   0.   0.   0.   0.   0. 220.   0.   0.]
 [  0.   0.   0.   0.   0.   0.   0.   0. 220.   0.]
 [  0.   0.   0.   0.   0.   0.   0.   1.   0. 218.]]
step3914
{'acc': 0.98681218735789, 'f1': 0.9868027537395256, 'micro_f1': 0.98681218735789, 'test_loss': 0.057366233192000696}
Model train epoch:38,loss:5.071339268607307e-05,training_time:9.396312348544598
[[208.   0.   0.   0.   0.   2.   0.   3.   0.   7.]
 [  0. 219.   1.   0.   0.   0.   0.   0.   0.   0.]
 [  0.   0. 217.   0.   0.   0.   1.   2.   0.   0.]
 [  4.   0.   0. 216.   0.   0.   0.   0.   0.   0.]
 [  0.   0.   0.   0. 219.   0.   0.   1.   0.   0.]
 [  1.   0.   0.   0.   1. 218.   0.   0.   0.   0.]
 [  4.   0.   1.   0.   0.   0. 215.   0.   0.   0.]
 [  0.   0.   0.   0.   0.   0.   0. 220.   0.   0.]
 [  0.   0.   0.   0.   0.   0.   0.   0. 220.   0.]
 [  0.   0.   0.   0.   0.   0.   0.   1.   0. 218.]]
step4017
{'acc': 0.98681218735789, 'f1': 0.9868027537395256, 'micro_f1': 0.98681218735789, 'test_loss': 0.05687068495925424}
Model train epoch:39,loss:5.037869045036832e-05,training_time:9.393369771540165
[[207.   0.   0.   0.   0.   2.   0.   4.   0.   7.]
 [  0. 219.   1.   0.   0.   0.   0.   0.   0.   0.]
 [  0.   0. 217.   0.   0.   0.   1.   2.   0.   0.]
 [  4.   0.   0. 216.   0.   0.   0.   0.   0.   0.]
 [  0.   0.   0.   0. 219.   0.   0.   1.   0.   0.]
 [  1.   0.   0.   0.   1. 218.   0.   0.   0.   0.]
 [  4.   0.   1.   0.   0.   0. 215.   0.   0.   0.]
 [  0.   0.   0.   0.   0.   0.   0. 220.   0.   0.]
 [  0.   0.   0.   0.   0.   0.   0.   0. 220.   0.]
 [  0.   0.   0.   0.   0.   0.   0.   1.   0. 218.]]
step4120
{'acc': 0.9863574351978172, 'f1': 0.9863426554107522, 'micro_f1': 0.9863574351978172, 'test_loss': 0.05693148827979582}
Model train epoch:40,loss:4.6241579201915345e-05,training_time:9.50206533074379
[[208.   0.   0.   0.   0.   2.   0.   3.   0.   7.]
 [  0. 219.   1.   0.   0.   0.   0.   0.   0.   0.]
 [  0.   0. 217.   0.   0.   0.   1.   2.   0.   0.]
 [  4.   0.   0. 216.   0.   0.   0.   0.   0.   0.]
 [  0.   0.   0.   0. 219.   0.   0.   1.   0.   0.]
 [  1.   0.   0.   0.   1. 218.   0.   0.   0.   0.]
 [  4.   0.   1.   0.   0.   0. 215.   0.   0.   0.]
 [  0.   0.   0.   0.   0.   0.   0. 220.   0.   0.]
 [  0.   0.   0.   0.   0.   0.   0.   0. 220.   0.]
 [  0.   0.   0.   0.   0.   0.   0.   1.   0. 218.]]
step4223
{'acc': 0.98681218735789, 'f1': 0.9868027537395256, 'micro_f1': 0.98681218735789, 'test_loss': 0.056173093928269476}
Model train epoch:41,loss:4.6295141321304705e-05,training_time:9.667612724006176
[[207.   0.   0.   0.   0.   2.   0.   4.   0.   7.]
 [  0. 219.   1.   0.   0.   0.   0.   0.   0.   0.]
 [  0.   0. 217.   0.   0.   0.   1.   2.   0.   0.]
 [  4.   0.   0. 216.   0.   0.   0.   0.   0.   0.]
 [  0.   0.   0.   0. 219.   0.   0.   1.   0.   0.]
 [  1.   0.   0.   0.   1. 218.   0.   0.   0.   0.]
 [  4.   0.   1.   0.   0.   0. 215.   0.   0.   0.]
 [  0.   0.   0.   0.   0.   0.   0. 220.   0.   0.]
 [  0.   0.   0.   0.   0.   0.   0.   0. 220.   0.]
 [  0.   0.   0.   0.   0.   0.   0.   1.   0. 218.]]
step4326
{'acc': 0.9863574351978172, 'f1': 0.9863426554107522, 'micro_f1': 0.9863574351978172, 'test_loss': 0.05920361065226254}
Model train epoch:42,loss:4.38165224855206e-05,training_time:9.392468996345997
[[207.   0.   0.   0.   0.   2.   0.   4.   0.   7.]
 [  0. 219.   1.   0.   0.   0.   0.   0.   0.   0.]
 [  0.   0. 217.   0.   0.   0.   1.   2.   0.   0.]
 [  4.   0.   0. 216.   0.   0.   0.   0.   0.   0.]
 [  0.   0.   0.   0. 219.   0.   0.   1.   0.   0.]
 [  1.   0.   0.   0.   1. 218.   0.   0.   0.   0.]
 [  4.   0.   1.   0.   0.   0. 215.   0.   0.   0.]
 [  0.   0.   0.   0.   0.   0.   0. 220.   0.   0.]
 [  0.   0.   0.   0.   0.   0.   0.   0. 220.   0.]
 [  0.   0.   0.   0.   0.   0.   0.   1.   0. 218.]]
step4429
{'acc': 0.9863574351978172, 'f1': 0.9863426554107522, 'micro_f1': 0.9863574351978172, 'test_loss': 0.058826038707099675}
Model train epoch:43,loss:4.4681491343768496e-05,training_time:9.91195559501648
[[209.   0.   0.   0.   0.   1.   0.   3.   0.   7.]
 [  0. 219.   1.   0.   0.   0.   0.   0.   0.   0.]
 [  0.   0. 217.   0.   0.   0.   1.   2.   0.   0.]
 [  4.   0.   0. 216.   0.   0.   0.   0.   0.   0.]
 [  0.   0.   0.   0. 219.   0.   0.   1.   0.   0.]
 [  1.   0.   0.   0.   1. 218.   0.   0.   0.   0.]
 [  4.   0.   1.   0.   0.   0. 215.   0.   0.   0.]
 [  0.   0.   0.   0.   0.   0.   0. 220.   0.   0.]
 [  0.   0.   0.   0.   0.   0.   0.   0. 220.   0.]
 [  0.   0.   0.   0.   0.   0.   0.   1.   0. 218.]]
step4532
{'acc': 0.9872669395179627, 'f1': 0.9872677552953958, 'micro_f1': 0.9872669395179627, 'test_loss': 0.05846242264500948}
Model train epoch:44,loss:3.849452276391765e-05,training_time:9.405642323195934
[[207.   0.   0.   0.   0.   2.   0.   4.   0.   7.]
 [  0. 219.   1.   0.   0.   0.   0.   0.   0.   0.]
 [  0.   0. 217.   0.   0.   0.   1.   2.   0.   0.]
 [  4.   0.   0. 216.   0.   0.   0.   0.   0.   0.]
 [  0.   0.   0.   0. 219.   0.   0.   1.   0.   0.]
 [  1.   0.   0.   0.   1. 218.   0.   0.   0.   0.]
 [  4.   0.   1.   0.   0.   0. 215.   0.   0.   0.]
 [  0.   0.   0.   0.   0.   0.   0. 220.   0.   0.]
 [  0.   0.   0.   0.   0.   0.   0.   0. 220.   0.]
 [  0.   0.   0.   0.   0.   0.   0.   1.   0. 218.]]
step4635
{'acc': 0.9863574351978172, 'f1': 0.9863426554107522, 'micro_f1': 0.9863574351978172, 'test_loss': 0.05871835839690383}
Model train epoch:45,loss:3.779728222770455e-05,training_time:9.83764162659645
[[207.   0.   0.   0.   0.   2.   0.   4.   0.   7.]
 [  0. 219.   1.   0.   0.   0.   0.   0.   0.   0.]
 [  0.   0. 217.   0.   0.   0.   1.   2.   0.   0.]
 [  4.   0.   0. 216.   0.   0.   0.   0.   0.   0.]
 [  0.   0.   0.   0. 219.   0.   0.   1.   0.   0.]
 [  1.   0.   0.   0.   1. 218.   0.   0.   0.   0.]
 [  4.   0.   1.   0.   0.   0. 215.   0.   0.   0.]
 [  0.   0.   0.   0.   0.   0.   0. 220.   0.   0.]
 [  0.   0.   0.   0.   0.   0.   0.   0. 220.   0.]
 [  0.   0.   0.   0.   0.   0.   0.   1.   0. 218.]]
step4738
{'acc': 0.9863574351978172, 'f1': 0.9863426554107522, 'micro_f1': 0.9863574351978172, 'test_loss': 0.05890731367916097}
Model train epoch:46,loss:3.842212334767772e-05,training_time:9.434177704155445
[[207.   0.   0.   0.   0.   2.   0.   4.   0.   7.]
 [  0. 219.   1.   0.   0.   0.   0.   0.   0.   0.]
 [  0.   0. 217.   0.   0.   0.   1.   2.   0.   0.]
 [  4.   0.   0. 216.   0.   0.   0.   0.   0.   0.]
 [  0.   0.   0.   0. 219.   0.   0.   1.   0.   0.]
 [  1.   0.   0.   0.   1. 218.   0.   0.   0.   0.]
 [  4.   0.   1.   0.   0.   0. 215.   0.   0.   0.]
 [  0.   0.   0.   0.   0.   0.   0. 220.   0.   0.]
 [  0.   0.   0.   0.   0.   0.   0.   0. 220.   0.]
 [  0.   0.   0.   0.   0.   0.   0.   1.   0. 218.]]
step4841
{'acc': 0.9863574351978172, 'f1': 0.9863426554107522, 'micro_f1': 0.9863574351978172, 'test_loss': 0.0601009227763955}
Model train epoch:47,loss:3.448575846330361e-05,training_time:9.651606760919094
[[207.   0.   0.   0.   0.   2.   0.   4.   0.   7.]
 [  0. 219.   1.   0.   0.   0.   0.   0.   0.   0.]
 [  0.   0. 217.   0.   0.   0.   1.   2.   0.   0.]
 [  4.   0.   0. 216.   0.   0.   0.   0.   0.   0.]
 [  0.   0.   0.   0. 219.   0.   0.   1.   0.   0.]
 [  1.   0.   0.   0.   1. 218.   0.   0.   0.   0.]
 [  4.   0.   1.   0.   0.   0. 215.   0.   0.   0.]
 [  0.   0.   0.   0.   0.   0.   0. 220.   0.   0.]
 [  0.   0.   0.   0.   0.   0.   0.   0. 220.   0.]
 [  0.   0.   0.   0.   0.   0.   0.   1.   0. 218.]]
step4944
{'acc': 0.9863574351978172, 'f1': 0.9863426554107522, 'micro_f1': 0.9863574351978172, 'test_loss': 0.060585148800211236}
Model train epoch:48,loss:3.4036790846305216e-05,training_time:9.449701115489006
[[207.   0.   0.   0.   0.   2.   0.   4.   0.   7.]
 [  0. 219.   1.   0.   0.   0.   0.   0.   0.   0.]
 [  0.   0. 217.   0.   0.   0.   1.   2.   0.   0.]
 [  4.   0.   0. 216.   0.   0.   0.   0.   0.   0.]
 [  0.   0.   0.   0. 219.   0.   0.   1.   0.   0.]
 [  1.   0.   0.   0.   1. 218.   0.   0.   0.   0.]
 [  4.   0.   1.   0.   0.   0. 215.   0.   0.   0.]
 [  0.   0.   0.   0.   0.   0.   0. 220.   0.   0.]
 [  0.   0.   0.   0.   0.   0.   0.   0. 220.   0.]
 [  0.   0.   0.   0.   0.   0.   0.   1.   0. 218.]]
step5047
{'acc': 0.9863574351978172, 'f1': 0.9863426554107522, 'micro_f1': 0.9863574351978172, 'test_loss': 0.06100273421049808}
Model train epoch:49,loss:3.138973864644448e-05,training_time:9.267082966864109
[[207.   0.   0.   0.   0.   2.   0.   4.   0.   7.]
 [  0. 219.   1.   0.   0.   0.   0.   0.   0.   0.]
 [  0.   0. 217.   0.   0.   0.   1.   2.   0.   0.]
 [  4.   0.   0. 216.   0.   0.   0.   0.   0.   0.]
 [  0.   0.   0.   0. 219.   0.   0.   1.   0.   0.]
 [  1.   0.   0.   0.   1. 218.   0.   0.   0.   0.]
 [  4.   0.   1.   0.   0.   0. 215.   0.   0.   0.]
 [  0.   0.   0.   0.   0.   0.   0. 220.   0.   0.]
 [  0.   0.   0.   0.   0.   0.   0.   0. 220.   0.]
 [  0.   0.   0.   0.   0.   0.   0.   1.   0. 218.]]
step5150
{'acc': 0.9863574351978172, 'f1': 0.9863426554107522, 'micro_f1': 0.9863574351978172, 'test_loss': 0.06107732305130672}
Model train epoch:50,loss:2.9717846403470434e-05,training_time:9.393558621406555
[[207.   0.   0.   0.   0.   2.   0.   4.   0.   7.]
 [  0. 219.   1.   0.   0.   0.   0.   0.   0.   0.]
 [  0.   0. 217.   0.   0.   0.   1.   2.   0.   0.]
 [  4.   0.   0. 216.   0.   0.   0.   0.   0.   0.]
 [  0.   0.   0.   0. 219.   0.   0.   1.   0.   0.]
 [  1.   0.   0.   0.   1. 218.   0.   0.   0.   0.]
 [  4.   0.   1.   0.   0.   0. 215.   0.   0.   0.]
 [  0.   0.   0.   0.   0.   0.   0. 220.   0.   0.]
 [  0.   0.   0.   0.   0.   0.   0.   0. 220.   0.]
 [  0.   0.   0.   0.   0.   0.   0.   1.   0. 218.]]
step5253
{'acc': 0.9863574351978172, 'f1': 0.9863426554107522, 'micro_f1': 0.9863574351978172, 'test_loss': 0.06101259921789668}
Model train epoch:51,loss:2.9327390341047878e-05,training_time:9.435623675584793
[[208.   0.   0.   0.   0.   2.   0.   3.   0.   7.]
 [  0. 219.   1.   0.   0.   0.   0.   0.   0.   0.]
 [  0.   0. 217.   0.   0.   0.   1.   2.   0.   0.]
 [  4.   0.   0. 216.   0.   0.   0.   0.   0.   0.]
 [  0.   0.   0.   0. 219.   0.   0.   1.   0.   0.]
 [  1.   0.   0.   0.   1. 218.   0.   0.   0.   0.]
 [  4.   0.   1.   0.   0.   0. 215.   0.   0.   0.]
 [  0.   0.   0.   0.   0.   0.   0. 220.   0.   0.]
 [  0.   0.   0.   0.   0.   0.   0.   0. 220.   0.]
 [  0.   0.   0.   0.   0.   0.   0.   1.   0. 218.]]
step5356
{'acc': 0.98681218735789, 'f1': 0.9868027537395256, 'micro_f1': 0.98681218735789, 'test_loss': 0.06078145808639549}
Model train epoch:52,loss:2.889268851574273e-05,training_time:9.425889059901237
[[208.   0.   0.   0.   0.   2.   0.   3.   0.   7.]
 [  0. 219.   1.   0.   0.   0.   0.   0.   0.   0.]
 [  0.   0. 217.   0.   0.   0.   1.   2.   0.   0.]
 [  4.   0.   0. 216.   0.   0.   0.   0.   0.   0.]
 [  0.   0.   0.   0. 219.   0.   0.   1.   0.   0.]
 [  1.   0.   0.   0.   1. 218.   0.   0.   0.   0.]
 [  4.   0.   1.   0.   0.   0. 215.   0.   0.   0.]
 [  0.   0.   0.   0.   0.   0.   0. 220.   0.   0.]
 [  0.   0.   0.   0.   0.   0.   0.   0. 220.   0.]
 [  0.   0.   0.   0.   0.   0.   0.   1.   0. 218.]]
step5459
{'acc': 0.98681218735789, 'f1': 0.9868027537395256, 'micro_f1': 0.98681218735789, 'test_loss': 0.05544127450206621}
Model train epoch:53,loss:3.428127050798279e-05,training_time:10.42528323829174
[[208.   0.   0.   0.   0.   2.   0.   3.   0.   7.]
 [  0. 219.   1.   0.   0.   0.   0.   0.   0.   0.]
 [  0.   0. 217.   0.   0.   0.   1.   2.   0.   0.]
 [  4.   0.   0. 216.   0.   0.   0.   0.   0.   0.]
 [  0.   0.   0.   0. 219.   0.   0.   1.   0.   0.]
 [  1.   0.   0.   0.   1. 218.   0.   0.   0.   0.]
 [  4.   0.   0.   0.   0.   0. 216.   0.   0.   0.]
 [  0.   0.   0.   0.   0.   0.   0. 220.   0.   0.]
 [  0.   0.   0.   0.   0.   0.   0.   0. 220.   0.]
 [  0.   0.   0.   0.   0.   0.   0.   1.   0. 218.]]
step5562
{'acc': 0.9872669395179627, 'f1': 0.9872604459236678, 'micro_f1': 0.9872669395179627, 'test_loss': 0.059905115334783786}
Model train epoch:54,loss:2.6975679072795454e-05,training_time:9.069308213889599
[[208.   0.   0.   0.   0.   2.   0.   3.   0.   7.]
 [  0. 219.   1.   0.   0.   0.   0.   0.   0.   0.]
 [  0.   0. 217.   0.   0.   0.   1.   2.   0.   0.]
 [  4.   0.   0. 216.   0.   0.   0.   0.   0.   0.]
 [  0.   0.   0.   0. 219.   0.   0.   1.   0.   0.]
 [  1.   0.   0.   0.   1. 218.   0.   0.   0.   0.]
 [  4.   0.   0.   0.   0.   0. 216.   0.   0.   0.]
 [  0.   0.   0.   0.   0.   0.   0. 220.   0.   0.]
 [  0.   0.   0.   0.   0.   0.   0.   0. 220.   0.]
 [  0.   0.   0.   0.   0.   0.   0.   1.   0. 218.]]
step5665
{'acc': 0.9872669395179627, 'f1': 0.9872604459236678, 'micro_f1': 0.9872669395179627, 'test_loss': 0.061066754115043816}
Model train epoch:55,loss:2.6175081232465276e-05,training_time:9.036293543875217
[[207.   0.   0.   0.   0.   2.   0.   4.   0.   7.]
 [  0. 219.   1.   0.   0.   0.   0.   0.   0.   0.]
 [  0.   0. 217.   0.   0.   0.   1.   2.   0.   0.]
 [  4.   0.   0. 216.   0.   0.   0.   0.   0.   0.]
 [  0.   0.   0.   0. 219.   0.   0.   1.   0.   0.]
 [  1.   0.   0.   0.   1. 218.   0.   0.   0.   0.]
 [  4.   0.   0.   0.   0.   0. 216.   0.   0.   0.]
 [  0.   0.   0.   0.   0.   0.   0. 220.   0.   0.]
 [  0.   0.   0.   0.   0.   0.   0.   0. 220.   0.]
 [  0.   0.   0.   0.   0.   0.   0.   1.   0. 218.]]
step5768
{'acc': 0.98681218735789, 'f1': 0.9868003475948942, 'micro_f1': 0.98681218735789, 'test_loss': 0.06289861008185003}
Model train epoch:56,loss:2.4908197824166004e-05,training_time:8.954406253993511
[[207.   0.   0.   0.   0.   2.   0.   4.   0.   7.]
 [  0. 219.   1.   0.   0.   0.   0.   0.   0.   0.]
 [  0.   0. 217.   0.   0.   0.   1.   2.   0.   0.]
 [  4.   0.   0. 216.   0.   0.   0.   0.   0.   0.]
 [  0.   0.   0.   0. 219.   0.   0.   1.   0.   0.]
 [  1.   0.   0.   0.   1. 218.   0.   0.   0.   0.]
 [  4.   0.   0.   0.   0.   0. 216.   0.   0.   0.]
 [  0.   0.   0.   0.   0.   0.   0. 220.   0.   0.]
 [  0.   0.   0.   0.   0.   0.   0.   0. 220.   0.]
 [  0.   0.   0.   0.   0.   0.   0.   1.   0. 218.]]
step5871
{'acc': 0.98681218735789, 'f1': 0.9868003475948942, 'micro_f1': 0.98681218735789, 'test_loss': 0.0632579257814541}
Model train epoch:57,loss:2.3340473122656338e-05,training_time:8.987573988735676
[[208.   0.   0.   0.   0.   2.   0.   3.   0.   7.]
 [  0. 219.   1.   0.   0.   0.   0.   0.   0.   0.]
 [  0.   0. 217.   0.   0.   0.   1.   2.   0.   0.]
 [  4.   0.   0. 216.   0.   0.   0.   0.   0.   0.]
 [  0.   0.   0.   0. 219.   0.   0.   1.   0.   0.]
 [  1.   0.   0.   0.   1. 218.   0.   0.   0.   0.]
 [  4.   0.   0.   0.   0.   0. 216.   0.   0.   0.]
 [  0.   0.   0.   0.   0.   0.   0. 220.   0.   0.]
 [  0.   0.   0.   0.   0.   0.   0.   0. 220.   0.]
 [  0.   0.   0.   0.   0.   0.   0.   1.   0. 218.]]
step5974
{'acc': 0.9872669395179627, 'f1': 0.9872604459236678, 'micro_f1': 0.9872669395179627, 'test_loss': 0.06297422251871987}
Model train epoch:58,loss:2.245464167152442e-05,training_time:9.397686332464218
[[208.   0.   0.   0.   0.   2.   0.   3.   0.   7.]
 [  0. 219.   1.   0.   0.   0.   0.   0.   0.   0.]
 [  0.   0. 217.   0.   0.   0.   1.   2.   0.   0.]
 [  4.   0.   0. 216.   0.   0.   0.   0.   0.   0.]
 [  0.   0.   0.   0. 219.   0.   0.   1.   0.   0.]
 [  1.   0.   0.   0.   1. 218.   0.   0.   0.   0.]
 [  4.   0.   0.   0.   0.   0. 216.   0.   0.   0.]
 [  0.   0.   0.   0.   0.   0.   0. 220.   0.   0.]
 [  0.   0.   0.   0.   0.   0.   0.   0. 220.   0.]
 [  0.   0.   0.   0.   0.   0.   0.   1.   0. 218.]]
step6077
{'acc': 0.9872669395179627, 'f1': 0.9872604459236678, 'micro_f1': 0.9872669395179627, 'test_loss': 0.06396055932047083}
Model train epoch:59,loss:2.155336727145578e-05,training_time:9.540617942810059
[[208.   0.   0.   0.   0.   2.   0.   3.   0.   7.]
 [  0. 219.   1.   0.   0.   0.   0.   0.   0.   0.]
 [  0.   0. 217.   0.   0.   0.   1.   2.   0.   0.]
 [  4.   0.   0. 216.   0.   0.   0.   0.   0.   0.]
 [  0.   0.   0.   0. 219.   0.   0.   1.   0.   0.]
 [  1.   0.   0.   0.   1. 218.   0.   0.   0.   0.]
 [  4.   0.   0.   0.   0.   0. 216.   0.   0.   0.]
 [  0.   0.   0.   0.   0.   0.   0. 220.   0.   0.]
 [  0.   0.   0.   0.   0.   0.   0.   0. 220.   0.]
 [  0.   0.   0.   0.   0.   0.   0.   1.   0. 218.]]
step6180
{'acc': 0.9872669395179627, 'f1': 0.9872604459236678, 'micro_f1': 0.9872669395179627, 'test_loss': 0.0639340966998004}
Model train epoch:60,loss:2.0807842378627145e-05,training_time:9.39581187069416
[[208.   0.   0.   0.   0.   2.   0.   3.   0.   7.]
 [  0. 219.   1.   0.   0.   0.   0.   0.   0.   0.]
 [  0.   0. 217.   0.   0.   0.   1.   2.   0.   0.]
 [  4.   0.   0. 216.   0.   0.   0.   0.   0.   0.]
 [  0.   0.   0.   0. 219.   0.   0.   1.   0.   0.]
 [  1.   0.   0.   0.   1. 218.   0.   0.   0.   0.]
 [  4.   0.   0.   0.   0.   0. 216.   0.   0.   0.]
 [  0.   0.   0.   0.   0.   0.   0. 220.   0.   0.]
 [  0.   0.   0.   0.   0.   0.   0.   0. 220.   0.]
 [  0.   0.   0.   0.   0.   0.   0.   1.   0. 218.]]
step6283
{'acc': 0.9872669395179627, 'f1': 0.9872604459236678, 'micro_f1': 0.9872669395179627, 'test_loss': 0.06162598266903712}
Model train epoch:61,loss:1.9493409258057698e-05,training_time:9.380591243505478
[[208.   0.   0.   0.   0.   2.   0.   3.   0.   7.]
 [  0. 219.   1.   0.   0.   0.   0.   0.   0.   0.]
 [  0.   0. 217.   0.   0.   0.   1.   2.   0.   0.]
 [  4.   0.   0. 216.   0.   0.   0.   0.   0.   0.]
 [  0.   0.   0.   0. 219.   0.   0.   1.   0.   0.]
 [  0.   0.   0.   0.   1. 219.   0.   0.   0.   0.]
 [  4.   0.   0.   0.   0.   0. 216.   0.   0.   0.]
 [  0.   0.   0.   0.   1.   0.   0. 219.   0.   0.]
 [  0.   0.   0.   0.   0.   0.   0.   0. 220.   0.]
 [  0.   0.   0.   0.   0.   0.   0.   1.   0. 218.]]
step6386
{'acc': 0.9872669395179627, 'f1': 0.987254147649794, 'micro_f1': 0.9872669395179627, 'test_loss': 0.0648789373720969}
Model train epoch:62,loss:1.9696216974387844e-05,training_time:9.364170007407665
[[208.   0.   0.   0.   0.   2.   0.   3.   0.   7.]
 [  0. 219.   1.   0.   0.   0.   0.   0.   0.   0.]
 [  0.   0. 217.   0.   0.   0.   1.   2.   0.   0.]
 [  4.   0.   0. 216.   0.   0.   0.   0.   0.   0.]
 [  0.   0.   0.   0. 219.   0.   0.   1.   0.   0.]
 [  0.   0.   0.   0.   1. 219.   0.   0.   0.   0.]
 [  4.   0.   0.   0.   0.   0. 216.   0.   0.   0.]
 [  0.   0.   0.   0.   1.   0.   0. 219.   0.   0.]
 [  0.   0.   0.   0.   0.   0.   0.   0. 220.   0.]
 [  0.   0.   0.   0.   0.   0.   0.   1.   0. 218.]]
step6489
{'acc': 0.9872669395179627, 'f1': 0.987254147649794, 'micro_f1': 0.9872669395179627, 'test_loss': 0.06481032475138428}
Model train epoch:63,loss:1.787867887077692e-05,training_time:9.482787497341633
[[208.   0.   0.   0.   0.   2.   0.   3.   0.   7.]
 [  0. 219.   1.   0.   0.   0.   0.   0.   0.   0.]
 [  0.   0. 217.   0.   0.   0.   1.   2.   0.   0.]
 [  4.   0.   0. 216.   0.   0.   0.   0.   0.   0.]
 [  0.   0.   0.   0. 219.   0.   0.   1.   0.   0.]
 [  0.   0.   0.   0.   1. 219.   0.   0.   0.   0.]
 [  4.   0.   0.   0.   0.   0. 216.   0.   0.   0.]
 [  0.   0.   0.   0.   1.   0.   0. 219.   0.   0.]
 [  0.   0.   0.   0.   0.   0.   0.   0. 220.   0.]
 [  0.   0.   0.   0.   0.   0.   0.   1.   0. 218.]]
step6592
{'acc': 0.9872669395179627, 'f1': 0.987254147649794, 'micro_f1': 0.9872669395179627, 'test_loss': 0.06497174311157973}
Model train epoch:64,loss:1.7983168111011484e-05,training_time:9.473096184432507
[[207.   0.   0.   0.   0.   2.   0.   4.   0.   7.]
 [  0. 219.   1.   0.   0.   0.   0.   0.   0.   0.]
 [  0.   0. 217.   0.   0.   0.   1.   2.   0.   0.]
 [  4.   0.   0. 216.   0.   0.   0.   0.   0.   0.]
 [  0.   0.   0.   0. 219.   0.   0.   1.   0.   0.]
 [  0.   0.   0.   0.   1. 219.   0.   0.   0.   0.]
 [  4.   0.   0.   0.   0.   0. 216.   0.   0.   0.]
 [  0.   0.   0.   0.   1.   0.   0. 219.   0.   0.]
 [  0.   0.   0.   0.   0.   0.   0.   0. 220.   0.]
 [  0.   0.   0.   0.   0.   0.   0.   1.   0. 218.]]
step6695
{'acc': 0.98681218735789, 'f1': 0.9867940165605024, 'micro_f1': 0.98681218735789, 'test_loss': 0.06648442332350117}
Model train epoch:65,loss:1.6727577225048244e-05,training_time:9.437191173434258
[[207.   0.   0.   0.   0.   2.   0.   4.   0.   7.]
 [  0. 219.   1.   0.   0.   0.   0.   0.   0.   0.]
 [  0.   0. 217.   0.   0.   0.   1.   2.   0.   0.]
 [  4.   0.   0. 216.   0.   0.   0.   0.   0.   0.]
 [  0.   0.   0.   0. 219.   0.   0.   1.   0.   0.]
 [  0.   0.   0.   0.   1. 219.   0.   0.   0.   0.]
 [  4.   0.   0.   0.   0.   0. 216.   0.   0.   0.]
 [  0.   0.   0.   0.   1.   0.   0. 219.   0.   0.]
 [  0.   0.   0.   0.   0.   0.   0.   0. 220.   0.]
 [  0.   0.   0.   0.   0.   0.   0.   1.   0. 218.]]
step6798
{'acc': 0.98681218735789, 'f1': 0.9867940165605024, 'micro_f1': 0.98681218735789, 'test_loss': 0.06577218728930997}
Model train epoch:66,loss:1.6403013616512068e-05,training_time:9.365920387208462
[[208.   0.   0.   0.   0.   2.   0.   3.   0.   7.]
 [  0. 219.   1.   0.   0.   0.   0.   0.   0.   0.]
 [  0.   0. 217.   0.   0.   0.   1.   2.   0.   0.]
 [  4.   0.   0. 216.   0.   0.   0.   0.   0.   0.]
 [  0.   0.   0.   0. 219.   0.   0.   1.   0.   0.]
 [  0.   0.   0.   0.   1. 219.   0.   0.   0.   0.]
 [  4.   0.   0.   0.   0.   0. 216.   0.   0.   0.]
 [  0.   0.   0.   0.   1.   0.   0. 219.   0.   0.]
 [  0.   0.   0.   0.   0.   0.   0.   0. 220.   0.]
 [  0.   0.   0.   0.   0.   0.   0.   1.   0. 218.]]
step6901
{'acc': 0.9872669395179627, 'f1': 0.987254147649794, 'micro_f1': 0.9872669395179627, 'test_loss': 0.0648642910001919}
Model train epoch:67,loss:1.562932489098155e-05,training_time:9.357158824801445
[[208.   0.   0.   0.   0.   2.   0.   3.   0.   7.]
 [  0. 219.   1.   0.   0.   0.   0.   0.   0.   0.]
 [  0.   0. 217.   0.   0.   0.   1.   2.   0.   0.]
 [  4.   0.   0. 216.   0.   0.   0.   0.   0.   0.]
 [  0.   0.   0.   0. 219.   0.   0.   1.   0.   0.]
 [  0.   0.   0.   0.   1. 219.   0.   0.   0.   0.]
 [  4.   0.   0.   0.   0.   0. 216.   0.   0.   0.]
 [  0.   0.   0.   0.   1.   0.   0. 219.   0.   0.]
 [  0.   0.   0.   0.   0.   0.   0.   0. 220.   0.]
 [  0.   0.   0.   0.   0.   0.   0.   1.   0. 218.]]
step7004
{'acc': 0.9872669395179627, 'f1': 0.987254147649794, 'micro_f1': 0.9872669395179627, 'test_loss': 0.06488173934051572}
Model train epoch:68,loss:1.4581930118905662e-05,training_time:9.687317632138729
[[208.   0.   0.   0.   0.   2.   0.   3.   0.   7.]
 [  0. 219.   1.   0.   0.   0.   0.   0.   0.   0.]
 [  0.   0. 217.   0.   0.   0.   1.   2.   0.   0.]
 [  4.   0.   0. 216.   0.   0.   0.   0.   0.   0.]
 [  0.   0.   0.   0. 219.   0.   0.   1.   0.   0.]
 [  0.   0.   0.   0.   1. 219.   0.   0.   0.   0.]
 [  4.   0.   0.   0.   0.   0. 216.   0.   0.   0.]
 [  0.   0.   0.   0.   1.   0.   0. 219.   0.   0.]
 [  0.   0.   0.   0.   0.   0.   0.   0. 220.   0.]
 [  0.   0.   0.   0.   0.   0.   0.   1.   0. 218.]]
step7107
{'acc': 0.9872669395179627, 'f1': 0.987254147649794, 'micro_f1': 0.9872669395179627, 'test_loss': 0.06489125796839029}
Model train epoch:69,loss:1.4632168997125587e-05,training_time:9.417383953928947
[[208.   0.   0.   0.   0.   2.   0.   3.   0.   7.]
 [  0. 219.   1.   0.   0.   0.   0.   0.   0.   0.]
 [  0.   0. 217.   0.   0.   0.   1.   2.   0.   0.]
 [  4.   0.   0. 216.   0.   0.   0.   0.   0.   0.]
 [  0.   0.   0.   0. 219.   0.   0.   1.   0.   0.]
 [  0.   0.   0.   0.   1. 219.   0.   0.   0.   0.]
 [  4.   0.   0.   0.   0.   0. 216.   0.   0.   0.]
 [  0.   0.   0.   0.   1.   0.   0. 219.   0.   0.]
 [  0.   0.   0.   0.   0.   0.   0.   0. 220.   0.]
 [  0.   0.   0.   0.   0.   0.   0.   1.   0. 218.]]
step7210
{'acc': 0.9872669395179627, 'f1': 0.987254147649794, 'micro_f1': 0.9872669395179627, 'test_loss': 0.06595805716186598}
Model train epoch:70,loss:1.3715113219894612e-05,training_time:9.680240206420422
[[208.   0.   0.   0.   0.   2.   0.   3.   0.   7.]
 [  0. 219.   1.   0.   0.   0.   0.   0.   0.   0.]
 [  0.   0. 217.   0.   0.   0.   1.   2.   0.   0.]
 [  4.   0.   0. 216.   0.   0.   0.   0.   0.   0.]
 [  0.   0.   0.   0. 219.   0.   0.   1.   0.   0.]
 [  0.   0.   0.   0.   1. 219.   0.   0.   0.   0.]
 [  4.   0.   0.   0.   0.   0. 216.   0.   0.   0.]
 [  0.   0.   0.   0.   1.   0.   0. 219.   0.   0.]
 [  0.   0.   0.   0.   0.   0.   0.   0. 220.   0.]
 [  0.   0.   0.   0.   0.   0.   0.   1.   0. 218.]]
step7313
{'acc': 0.9872669395179627, 'f1': 0.987254147649794, 'micro_f1': 0.9872669395179627, 'test_loss': 0.06706271223544848}
Model train epoch:71,loss:1.3027413204396838e-05,training_time:9.532205536961555
[[208.   0.   0.   0.   0.   2.   0.   3.   0.   7.]
 [  0. 219.   1.   0.   0.   0.   0.   0.   0.   0.]
 [  0.   0. 217.   0.   0.   0.   1.   2.   0.   0.]
 [  4.   0.   0. 216.   0.   0.   0.   0.   0.   0.]
 [  0.   0.   0.   0. 219.   0.   0.   1.   0.   0.]
 [  0.   0.   0.   0.   1. 219.   0.   0.   0.   0.]
 [  4.   0.   0.   0.   0.   0. 216.   0.   0.   0.]
 [  0.   0.   0.   0.   1.   0.   0. 219.   0.   0.]
 [  0.   0.   0.   0.   0.   0.   0.   0. 220.   0.]
 [  0.   0.   0.   0.   0.   0.   0.   1.   0. 218.]]
step7416
{'acc': 0.9872669395179627, 'f1': 0.987254147649794, 'micro_f1': 0.9872669395179627, 'test_loss': 0.06736024229321629}
Model train epoch:72,loss:1.2543375349266102e-05,training_time:9.493891261518002
[[208.   0.   0.   0.   0.   2.   0.   3.   0.   7.]
 [  0. 219.   1.   0.   0.   0.   0.   0.   0.   0.]
 [  0.   0. 217.   0.   0.   0.   1.   2.   0.   0.]
 [  4.   0.   0. 216.   0.   0.   0.   0.   0.   0.]
 [  0.   0.   0.   0. 219.   0.   0.   1.   0.   0.]
 [  0.   0.   0.   0.   1. 219.   0.   0.   0.   0.]
 [  4.   0.   0.   0.   0.   0. 216.   0.   0.   0.]
 [  0.   0.   0.   0.   1.   0.   0. 219.   0.   0.]
 [  0.   0.   0.   0.   0.   0.   0.   0. 220.   0.]
 [  0.   0.   0.   0.   0.   0.   0.   1.   0. 218.]]
step7519
{'acc': 0.9872669395179627, 'f1': 0.987254147649794, 'micro_f1': 0.9872669395179627, 'test_loss': 0.06708924970698718}
Model train epoch:73,loss:1.2153134181202264e-05,training_time:9.581493400037289
[[208.   0.   0.   0.   0.   2.   0.   3.   0.   7.]
 [  0. 219.   1.   0.   0.   0.   0.   0.   0.   0.]
 [  0.   0. 217.   0.   0.   0.   1.   2.   0.   0.]
 [  4.   0.   0. 216.   0.   0.   0.   0.   0.   0.]
 [  0.   0.   0.   0. 219.   0.   0.   1.   0.   0.]
 [  0.   0.   0.   0.   1. 219.   0.   0.   0.   0.]
 [  4.   0.   0.   0.   0.   0. 216.   0.   0.   0.]
 [  0.   0.   0.   0.   1.   0.   0. 219.   0.   0.]
 [  0.   0.   0.   0.   0.   0.   0.   0. 220.   0.]
 [  0.   0.   0.   0.   0.   0.   0.   1.   0. 218.]]
step7622
{'acc': 0.9872669395179627, 'f1': 0.987254147649794, 'micro_f1': 0.9872669395179627, 'test_loss': 0.06707095878463666}
Model train epoch:74,loss:1.1332023684819713e-05,training_time:9.260652802884579
[[208.   0.   0.   0.   0.   2.   0.   3.   0.   7.]
 [  0. 219.   1.   0.   0.   0.   0.   0.   0.   0.]
 [  0.   0. 217.   0.   0.   0.   1.   2.   0.   0.]
 [  4.   0.   0. 216.   0.   0.   0.   0.   0.   0.]
 [  0.   0.   0.   0. 219.   0.   0.   1.   0.   0.]
 [  0.   0.   0.   0.   1. 219.   0.   0.   0.   0.]
 [  4.   0.   0.   0.   0.   0. 216.   0.   0.   0.]
 [  0.   0.   0.   0.   1.   0.   0. 219.   0.   0.]
 [  0.   0.   0.   0.   0.   0.   0.   0. 220.   0.]
 [  0.   0.   0.   0.   0.   0.   0.   1.   0. 218.]]
step7725
{'acc': 0.9872669395179627, 'f1': 0.987254147649794, 'micro_f1': 0.9872669395179627, 'test_loss': 0.06780213092657245}
Model train epoch:75,loss:1.1112120441444298e-05,training_time:9.507107898592949
[[208.   0.   0.   0.   0.   2.   0.   3.   0.   7.]
 [  0. 219.   1.   0.   0.   0.   0.   0.   0.   0.]
 [  0.   0. 218.   0.   0.   0.   0.   2.   0.   0.]
 [  4.   0.   0. 216.   0.   0.   0.   0.   0.   0.]
 [  0.   0.   0.   0. 219.   0.   0.   1.   0.   0.]
 [  0.   0.   0.   0.   1. 219.   0.   0.   0.   0.]
 [  4.   0.   0.   0.   0.   0. 216.   0.   0.   0.]
 [  0.   0.   0.   0.   1.   0.   0. 219.   0.   0.]
 [  0.   0.   0.   0.   0.   0.   0.   0. 220.   0.]
 [  0.   0.   0.   0.   0.   0.   0.   1.   0. 218.]]
step7828
{'acc': 0.9877216916780355, 'f1': 0.9877107519275856, 'micro_f1': 0.9877216916780355, 'test_loss': 0.0682617787945024}
saving model of step7828
Model train epoch:76,loss:1.0520626242046441e-05,training_time:9.580079950392246
[[208.   0.   0.   0.   0.   2.   0.   3.   0.   7.]
 [  0. 219.   1.   0.   0.   0.   0.   0.   0.   0.]
 [  0.   0. 218.   0.   0.   0.   0.   2.   0.   0.]
 [  4.   0.   0. 216.   0.   0.   0.   0.   0.   0.]
 [  0.   0.   0.   0. 219.   0.   0.   1.   0.   0.]
 [  0.   0.   0.   0.   1. 219.   0.   0.   0.   0.]
 [  4.   0.   0.   0.   0.   0. 216.   0.   0.   0.]
 [  0.   0.   0.   0.   1.   0.   0. 219.   0.   0.]
 [  0.   0.   0.   0.   0.   0.   0.   0. 220.   0.]
 [  0.   0.   0.   0.   0.   0.   0.   1.   0. 218.]]
step7931
{'acc': 0.9877216916780355, 'f1': 0.9877107519275856, 'micro_f1': 0.9877216916780355, 'test_loss': 0.06826476325699592}
saving model of step7931
Model train epoch:77,loss:1.0556490399092301e-05,training_time:9.951444625854492
[[208.   0.   0.   0.   0.   2.   0.   3.   0.   7.]
 [  0. 219.   1.   0.   0.   0.   0.   0.   0.   0.]
 [  0.   0. 218.   0.   0.   0.   0.   2.   0.   0.]
 [  4.   0.   0. 216.   0.   0.   0.   0.   0.   0.]
 [  0.   0.   0.   0. 219.   0.   0.   1.   0.   0.]
 [  0.   0.   0.   0.   1. 219.   0.   0.   0.   0.]
 [  4.   0.   0.   0.   0.   0. 216.   0.   0.   0.]
 [  0.   0.   0.   0.   0.   0.   0. 219.   0.   1.]
 [  0.   0.   0.   0.   0.   0.   0.   0. 220.   0.]
 [  0.   0.   0.   0.   0.   0.   0.   1.   0. 218.]]
step8034
{'acc': 0.9877216916780355, 'f1': 0.9877158084735733, 'micro_f1': 0.9877216916780355, 'test_loss': 0.06776081269199494}
saving model of step8034
Model train epoch:78,loss:9.743388467051353e-06,training_time:8.99679745733738
[[208.   0.   0.   0.   0.   2.   0.   3.   0.   7.]
 [  0. 219.   1.   0.   0.   0.   0.   0.   0.   0.]
 [  0.   0. 218.   0.   0.   0.   0.   2.   0.   0.]
 [  4.   0.   0. 216.   0.   0.   0.   0.   0.   0.]
 [  0.   0.   0.   0. 219.   0.   0.   1.   0.   0.]
 [  0.   0.   0.   0.   1. 219.   0.   0.   0.   0.]
 [  4.   0.   0.   0.   0.   0. 216.   0.   0.   0.]
 [  0.   0.   0.   0.   0.   0.   0. 219.   0.   1.]
 [  0.   0.   0.   0.   0.   0.   0.   0. 220.   0.]
 [  0.   0.   0.   0.   0.   0.   0.   1.   0. 218.]]
step8137
{'acc': 0.9877216916780355, 'f1': 0.9877158084735733, 'micro_f1': 0.9877216916780355, 'test_loss': 0.06777703088789946}
saving model of step8137
Model train epoch:79,loss:9.134341964384545e-06,training_time:9.165964789688587
[[208.   0.   0.   0.   0.   2.   0.   3.   0.   7.]
 [  0. 219.   1.   0.   0.   0.   0.   0.   0.   0.]
 [  0.   0. 218.   0.   0.   0.   0.   2.   0.   0.]
 [  3.   0.   0. 217.   0.   0.   0.   0.   0.   0.]
 [  0.   0.   0.   0. 220.   0.   0.   0.   0.   0.]
 [  0.   0.   0.   0.   1. 219.   0.   0.   0.   0.]
 [  4.   0.   0.   0.   0.   0. 216.   0.   0.   0.]
 [  0.   0.   0.   0.   3.   0.   0. 216.   0.   1.]
 [  0.   0.   0.   0.   0.   0.   0.   0. 220.   0.]
 [  0.   0.   0.   0.   0.   0.   0.   1.   0. 218.]]
step8240
{'acc': 0.9872669395179627, 'f1': 0.9872510037695721, 'micro_f1': 0.9872669395179627, 'test_loss': 0.06956539399090746}
Model train epoch:80,loss:0.11029209674198298,training_time:9.475301831960678
[[209.   0.   0.   0.   0.   0.   0.   4.   0.   7.]
 [  0. 218.   1.   0.   0.   0.   0.   1.   0.   0.]
 [  0.   0. 203.   0.   0.   1.   0.   6.   8.   2.]
 [  3.   0.   1. 215.   0.   0.   0.   0.   1.   0.]
 [  0.   1.   0.  18. 176.   0.   0.  25.   0.   0.]
 [  1.   2.   0.   5.   1. 211.   0.   0.   0.   0.]
 [  5.   0.   1.   0.   0.   1. 213.   0.   0.   0.]
 [  1.   0.   0.   5.   0.   0.   0. 214.   0.   0.]
 [  0.   0.   0.   2.   0.   0.   0.   0. 218.   0.]
 [  0.   0.   0.   0.   0.   1.   0.   1.   0. 217.]]
step8343
{'acc': 0.9522510231923602, 'f1': 0.9520820070319058, 'micro_f1': 0.9522510231923602, 'test_loss': 0.17989101805557897}
Model train epoch:81,loss:0.06042145641269879,training_time:10.341340593993664
[[217.   0.   0.   0.   0.   0.   1.   2.   0.   0.]
 [  0. 219.   1.   0.   0.   0.   0.   0.   0.   0.]
 [  0.   0. 214.   0.   0.   0.   0.   2.   4.   0.]
 [  2.   0.   1. 213.   0.   0.   0.   0.   4.   0.]
 [  0.   0.   0.   0. 219.   0.   0.   1.   0.   0.]
 [  1.   0.   0.   1.   6. 212.   0.   0.   0.   0.]
 [  1.   0.   1.   0.   0.   0. 218.   0.   0.   0.]
 [  4.   0.   0.   0.   1.   0.   0. 215.   0.   0.]
 [  0.   0.   0.   0.   0.   0.   0.   0. 220.   0.]
 [  3.   0.   4.   0.   0.   0.   2.   1.   0. 209.]]
step8446
{'acc': 0.9804456571168713, 'f1': 0.980460191167236, 'micro_f1': 0.9804456571168713, 'test_loss': 0.05605834873921205}
Model train epoch:82,loss:0.019476349569091465,training_time:9.449618853628635
[[211.   0.   0.   0.   0.   0.   0.   4.   0.   5.]
 [  0. 218.   1.   0.   0.   0.   0.   1.   0.   0.]
 [  0.   0. 218.   0.   0.   0.   0.   2.   0.   0.]
 [  1.   0.   2. 214.   0.   0.   0.   0.   3.   0.]
 [  0.   0.   0.   0. 220.   0.   0.   0.   0.   0.]
 [  1.   0.   0.   0.   1. 218.   0.   0.   0.   0.]
 [  5.   0.   1.   0.   0.   0. 214.   0.   0.   0.]
 [  0.   0.   0.   1.   0.   0.   0. 217.   0.   2.]
 [  0.   0.   0.   0.   0.   0.   0.   0. 220.   0.]
 [  0.   0.   0.   0.   0.   0.   1.   0.   0. 218.]]
step8549
{'acc': 0.9859026830377444, 'f1': 0.9858999207597886, 'micro_f1': 0.9859026830377444, 'test_loss': 0.05291066336815545}
Model train epoch:83,loss:0.0076759824958291855,training_time:9.451004095375538
[[197.   0.   0.   0.   0.   4.   0.  14.   1.   4.]
 [  0. 220.   0.   0.   0.   0.   0.   0.   0.   0.]
 [  0.   0. 217.   0.   0.   0.   0.   3.   0.   0.]
 [  1.   0.   1. 212.   0.   0.   0.   3.   3.   0.]
 [  0.   0.   0.   0. 219.   0.   0.   1.   0.   0.]
 [  1.   0.   0.   0.   3. 216.   0.   0.   0.   0.]
 [  4.   0.   1.   0.   0.   7. 208.   0.   0.   0.]
 [  0.   0.   0.   0.   0.   0.   0. 219.   0.   1.]
 [  0.   0.   0.   0.   0.   0.   0.   0. 220.   0.]
 [  0.   0.   0.   0.   0.   0.   0.   1.   0. 218.]]
step8652
{'acc': 0.9758981355161437, 'f1': 0.9758414626533904, 'micro_f1': 0.9758981355161437, 'test_loss': 0.09598219687322854}
Model train epoch:84,loss:0.008404733637339982,training_time:9.442528739571571
[[211.   0.   0.   0.   0.   0.   0.   5.   2.   2.]
 [  0. 219.   0.   0.   0.   0.   0.   0.   1.   0.]
 [  0.   0. 217.   0.   0.   0.   0.   3.   0.   0.]
 [  1.   0.   1. 212.   0.   0.   0.   1.   5.   0.]
 [  0.   0.   0.   0. 220.   0.   0.   0.   0.   0.]
 [  0.   0.   0.   1.   3. 215.   0.   0.   1.   0.]
 [  6.   0.   0.   0.   0.   0. 214.   0.   0.   0.]
 [  0.   0.   0.   2.   0.   0.   0. 217.   0.   1.]
 [  0.   0.   0.   0.   0.   0.   0.   0. 220.   0.]
 [  0.   0.   0.   0.   0.   0.   1.   1.   0. 217.]]
step8755
{'acc': 0.9831741700773079, 'f1': 0.9831897583848473, 'micro_f1': 0.9831741700773079, 'test_loss': 0.04406097225624502}
Model train epoch:85,loss:0.00649318421290865,training_time:11.181568801403046
[[209.   0.   0.   0.   0.   1.   0.   5.   0.   5.]
 [  0. 220.   0.   0.   0.   0.   0.   0.   0.   0.]
 [  0.   0. 218.   0.   0.   0.   0.   2.   0.   0.]
 [  2.   0.   2. 214.   0.   0.   0.   1.   1.   0.]
 [  0.   0.   0.   0. 218.   0.   0.   2.   0.   0.]
 [  0.   0.   0.   1.   1. 218.   0.   0.   0.   0.]
 [  2.   0.   0.   0.   0.   0. 217.   0.   0.   1.]
 [  0.   0.   0.   3.   0.   0.   0. 217.   0.   0.]
 [  0.   0.   0.   0.   0.   0.   0.   0. 220.   0.]
 [  0.   0.   0.   0.   0.   0.   0.   1.   0. 218.]]
step8858
{'acc': 0.9863574351978172, 'f1': 0.9863584665723805, 'micro_f1': 0.9863574351978172, 'test_loss': 0.0512374733064332}
Model train epoch:86,loss:0.0019273421831502884,training_time:9.40919740498066
[[213.   0.   0.   0.   0.   1.   1.   3.   0.   2.]
 [  0. 220.   0.   0.   0.   0.   0.   0.   0.   0.]
 [  0.   1. 218.   0.   0.   0.   0.   1.   0.   0.]
 [  3.   0.   1. 214.   0.   0.   0.   0.   2.   0.]
 [  0.   0.   0.   0. 220.   0.   0.   0.   0.   0.]
 [  0.   1.   0.   0.   4. 215.   0.   0.   0.   0.]
 [  4.   0.   0.   0.   0.   0. 216.   0.   0.   0.]
 [  0.   0.   0.   2.   0.   0.   0. 217.   0.   1.]
 [  0.   0.   0.   0.   0.   0.   0.   0. 220.   0.]
 [  0.   0.   0.   0.   0.   0.   1.   1.   0. 217.]]
step8961
{'acc': 0.98681218735789, 'f1': 0.986799153140159, 'micro_f1': 0.98681218735789, 'test_loss': 0.04844864931531317}
Model train epoch:87,loss:0.0005191130833107029,training_time:9.246787324547768
[[212.   0.   0.   0.   0.   2.   0.   3.   0.   3.]
 [  0. 220.   0.   0.   0.   0.   0.   0.   0.   0.]
 [  0.   0. 217.   0.   0.   0.   0.   3.   0.   0.]
 [  2.   0.   1. 215.   0.   0.   0.   1.   1.   0.]
 [  0.   0.   0.   0. 220.   0.   0.   0.   0.   0.]
 [  0.   1.   0.   1.   1. 217.   0.   0.   0.   0.]
 [  4.   0.   0.   0.   0.   0. 216.   0.   0.   0.]
 [  0.   0.   0.   2.   0.   0.   0. 217.   0.   1.]
 [  0.   0.   0.   0.   0.   0.   0.   0. 220.   0.]
 [  0.   0.   0.   0.   0.   0.   1.   1.   0. 217.]]
step9064
{'acc': 0.9872669395179627, 'f1': 0.9872649914320654, 'micro_f1': 0.9872669395179627, 'test_loss': 0.04675501071646327}
Model train epoch:88,loss:0.00025646505596691545,training_time:8.92733684182167
[[212.   0.   0.   0.   0.   2.   0.   2.   0.   4.]
 [  0. 220.   0.   0.   0.   0.   0.   0.   0.   0.]
 [  0.   0. 217.   0.   0.   0.   0.   3.   0.   0.]
 [  2.   0.   1. 214.   0.   0.   0.   1.   2.   0.]
 [  0.   0.   0.   0. 220.   0.   0.   0.   0.   0.]
 [  0.   1.   0.   1.   1. 217.   0.   0.   0.   0.]
 [  4.   0.   0.   0.   0.   0. 216.   0.   0.   0.]
 [  0.   0.   0.   2.   0.   0.   0. 217.   0.   1.]
 [  0.   0.   0.   0.   0.   0.   0.   0. 220.   0.]
 [  0.   0.   0.   0.   0.   0.   1.   1.   0. 217.]]
step9167
{'acc': 0.98681218735789, 'f1': 0.9868022402010981, 'micro_f1': 0.98681218735789, 'test_loss': 0.04656009807118348}
Model train epoch:89,loss:0.0002630151558640556,training_time:8.966744415462017
[[210.   0.   0.   0.   0.   2.   0.   3.   0.   5.]
 [  0. 220.   0.   0.   0.   0.   0.   0.   0.   0.]
 [  0.   0. 218.   0.   0.   0.   0.   2.   0.   0.]
 [  2.   0.   1. 214.   0.   0.   0.   1.   2.   0.]
 [  0.   0.   0.   0. 220.   0.   0.   0.   0.   0.]
 [  0.   0.   0.   1.   2. 217.   0.   0.   0.   0.]
 [  3.   0.   0.   0.   0.   0. 217.   0.   0.   0.]
 [  0.   0.   0.   2.   0.   0.   0. 217.   0.   1.]
 [  0.   0.   0.   0.   0.   0.   0.   0. 220.   0.]
 [  0.   0.   0.   0.   0.   0.   0.   1.   0. 218.]]
step9270
{'acc': 0.9872669395179627, 'f1': 0.987246040184177, 'micro_f1': 0.9872669395179627, 'test_loss': 0.04835034995422965}
Model train epoch:90,loss:0.00016744748383574077,training_time:9.05960550159216
[[211.   0.   0.   0.   0.   2.   0.   3.   0.   4.]
 [  0. 220.   0.   0.   0.   0.   0.   0.   0.   0.]
 [  0.   0. 218.   0.   0.   0.   0.   2.   0.   0.]
 [  2.   0.   1. 214.   0.   0.   0.   1.   2.   0.]
 [  0.   0.   0.   0. 220.   0.   0.   0.   0.   0.]
 [  0.   1.   0.   1.   3. 215.   0.   0.   0.   0.]
 [  4.   0.   0.   0.   0.   0. 216.   0.   0.   0.]
 [  0.   0.   0.   2.   0.   0.   0. 217.   0.   1.]
 [  0.   0.   0.   0.   0.   0.   0.   0. 220.   0.]
 [  0.   0.   0.   0.   0.   0.   0.   1.   0. 218.]]
step9373
{'acc': 0.9863574351978172, 'f1': 0.9863392107227039, 'micro_f1': 0.9863574351978172, 'test_loss': 0.04851552251316856}
Model train epoch:91,loss:0.00018386964694190494,training_time:8.953653380274773
[[211.   0.   0.   0.   0.   1.   1.   3.   0.   4.]
 [  0. 220.   0.   0.   0.   0.   0.   0.   0.   0.]
 [  0.   0. 217.   0.   0.   0.   0.   3.   0.   0.]
 [  1.   0.   1. 213.   0.   0.   0.   1.   4.   0.]
 [  0.   0.   0.   0. 220.   0.   0.   0.   0.   0.]
 [  0.   1.   0.   1.   4. 214.   0.   0.   0.   0.]
 [  4.   0.   1.   0.   0.   0. 215.   0.   0.   0.]
 [  0.   0.   0.   2.   0.   0.   0. 217.   0.   1.]
 [  0.   0.   0.   0.   0.   0.   0.   0. 220.   0.]
 [  0.   0.   0.   0.   0.   0.   0.   1.   0. 218.]]
step9476
{'acc': 0.9845384265575261, 'f1': 0.9845131831416136, 'micro_f1': 0.9845384265575261, 'test_loss': 0.051093923123802856}
Model train epoch:92,loss:0.00016239347213251257,training_time:9.024097211658955
[[212.   0.   0.   0.   0.   2.   0.   2.   0.   4.]
 [  0. 220.   0.   0.   0.   0.   0.   0.   0.   0.]
 [  0.   0. 218.   0.   0.   0.   0.   2.   0.   0.]
 [  2.   0.   1. 214.   0.   0.   0.   1.   2.   0.]
 [  0.   0.   0.   0. 220.   0.   0.   0.   0.   0.]
 [  0.   1.   0.   1.   1. 217.   0.   0.   0.   0.]
 [  4.   0.   1.   0.   0.   0. 215.   0.   0.   0.]
 [  0.   0.   0.   2.   0.   0.   0. 217.   0.   1.]
 [  0.   0.   0.   0.   0.   0.   0.   0. 220.   0.]
 [  0.   0.   0.   0.   0.   0.   0.   1.   0. 218.]]
step9579
{'acc': 0.9872669395179627, 'f1': 0.9872516158409106, 'micro_f1': 0.9872669395179627, 'test_loss': 0.050438336167176856}
Model train epoch:93,loss:0.00019037470152537795,training_time:8.969942711293697
[[212.   0.   0.   0.   0.   2.   0.   2.   0.   4.]
 [  0. 220.   0.   0.   0.   0.   0.   0.   0.   0.]
 [  0.   0. 219.   0.   0.   0.   0.   1.   0.   0.]
 [  1.   0.   2. 214.   0.   0.   0.   0.   3.   0.]
 [  0.   0.   0.   0. 220.   0.   0.   0.   0.   0.]
 [  0.   1.   0.   1.   1. 217.   0.   0.   0.   0.]
 [  4.   0.   0.   0.   0.   0. 216.   0.   0.   0.]
 [  0.   0.   0.   3.   3.   0.   0. 213.   0.   1.]
 [  0.   0.   0.   0.   0.   0.   0.   0. 220.   0.]
 [  0.   0.   0.   0.   0.   0.   0.   1.   0. 218.]]
step9682
{'acc': 0.9863574351978172, 'f1': 0.9863259234281754, 'micro_f1': 0.9863574351978172, 'test_loss': 0.05831304853288332}
Model train epoch:94,loss:0.0001874526659986049,training_time:9.384535282850266
[[212.   0.   0.   0.   0.   2.   0.   2.   0.   4.]
 [  0. 220.   0.   0.   0.   0.   0.   0.   0.   0.]
 [  0.   0. 218.   0.   0.   0.   0.   2.   0.   0.]
 [  2.   0.   1. 213.   0.   0.   0.   2.   2.   0.]
 [  0.   0.   0.   0. 220.   0.   0.   0.   0.   0.]
 [  0.   1.   0.   0.   1. 218.   0.   0.   0.   0.]
 [  4.   0.   0.   0.   0.   0. 216.   0.   0.   0.]
 [  0.   0.   0.   2.   0.   0.   0. 217.   0.   1.]
 [  0.   0.   0.   0.   0.   0.   0.   0. 220.   0.]
 [  0.   0.   0.   0.   0.   0.   0.   1.   0. 218.]]
step9785
{'acc': 0.9877216916780355, 'f1': 0.9877090723080256, 'micro_f1': 0.9877216916780355, 'test_loss': 0.05538500537264294}
saving model of step9785
Model train epoch:95,loss:0.0001092384329520148,training_time:9.58439514786005
[[212.   0.   0.   0.   0.   2.   0.   2.   0.   4.]
 [  0. 220.   0.   0.   0.   0.   0.   0.   0.   0.]
 [  0.   0. 218.   0.   0.   0.   0.   2.   0.   0.]
 [  2.   0.   1. 214.   0.   0.   0.   1.   2.   0.]
 [  0.   0.   0.   0. 220.   0.   0.   0.   0.   0.]
 [  0.   1.   0.   1.   1. 217.   0.   0.   0.   0.]
 [  4.   0.   0.   0.   0.   0. 216.   0.   0.   0.]
 [  0.   0.   0.   2.   0.   0.   0. 217.   0.   1.]
 [  0.   0.   0.   0.   0.   0.   0.   0. 220.   0.]
 [  0.   0.   0.   0.   0.   0.   0.   1.   0. 218.]]
step9888
{'acc': 0.9877216916780355, 'f1': 0.9877093295462916, 'micro_f1': 0.9877216916780355, 'test_loss': 0.052077403112655574}
saving model of step9888
Model train epoch:96,loss:9.241495074372954e-05,training_time:10.14578915387392
[[212.   0.   0.   0.   0.   2.   0.   2.   0.   4.]
 [  0. 220.   0.   0.   0.   0.   0.   0.   0.   0.]
 [  0.   0. 218.   0.   0.   0.   0.   2.   0.   0.]
 [  1.   0.   1. 214.   0.   0.   0.   1.   3.   0.]
 [  0.   0.   0.   0. 220.   0.   0.   0.   0.   0.]
 [  0.   1.   0.   1.   1. 217.   0.   0.   0.   0.]
 [  4.   0.   0.   0.   0.   0. 216.   0.   0.   0.]
 [  0.   0.   0.   2.   0.   0.   0. 217.   0.   1.]
 [  0.   0.   0.   0.   0.   0.   0.   0. 220.   0.]
 [  0.   0.   0.   0.   0.   0.   0.   1.   0. 218.]]
step9991
{'acc': 0.9877216916780355, 'f1': 0.9877061359878174, 'micro_f1': 0.9877216916780355, 'test_loss': 0.05005114932828292}
saving model of step9991
Model train epoch:97,loss:8.436543189068638e-05,training_time:9.631494112312794
[[212.   0.   0.   0.   0.   2.   0.   2.   0.   4.]
 [  0. 220.   0.   0.   0.   0.   0.   0.   0.   0.]
 [  0.   0. 218.   0.   0.   0.   0.   2.   0.   0.]
 [  2.   0.   1. 214.   0.   0.   0.   1.   2.   0.]
 [  0.   0.   0.   0. 220.   0.   0.   0.   0.   0.]
 [  0.   1.   0.   1.   1. 217.   0.   0.   0.   0.]
 [  4.   0.   0.   0.   0.   0. 216.   0.   0.   0.]
 [  0.   0.   0.   2.   0.   0.   0. 217.   0.   1.]
 [  0.   0.   0.   0.   0.   0.   0.   0. 220.   0.]
 [  0.   0.   0.   0.   0.   0.   0.   1.   0. 218.]]
step10094
{'acc': 0.9877216916780355, 'f1': 0.9877093295462916, 'micro_f1': 0.9877216916780355, 'test_loss': 0.05016147279477861}
saving model of step10094
Model train epoch:98,loss:7.392057715640895e-05,training_time:9.078874349594116
[[212.   0.   0.   0.   0.   2.   0.   2.   0.   4.]
 [  0. 220.   0.   0.   0.   0.   0.   0.   0.   0.]
 [  0.   0. 218.   0.   0.   0.   0.   2.   0.   0.]
 [  1.   0.   1. 214.   0.   0.   0.   1.   3.   0.]
 [  0.   0.   0.   0. 220.   0.   0.   0.   0.   0.]
 [  0.   1.   0.   1.   1. 217.   0.   0.   0.   0.]
 [  4.   0.   0.   0.   0.   0. 216.   0.   0.   0.]
 [  0.   0.   0.   2.   0.   0.   0. 217.   0.   1.]
 [  0.   0.   0.   0.   0.   0.   0.   0. 220.   0.]
 [  0.   0.   0.   0.   0.   0.   0.   1.   0. 218.]]
step10197
{'acc': 0.9877216916780355, 'f1': 0.9877061359878174, 'micro_f1': 0.9877216916780355, 'test_loss': 0.05036303037772346}
saving model of step10197
Model train epoch:99,loss:7.023878227021039e-05,training_time:8.96462681144476
[[212.   0.   0.   0.   0.   2.   0.   2.   0.   4.]
 [  0. 220.   0.   0.   0.   0.   0.   0.   0.   0.]
 [  0.   0. 218.   0.   0.   0.   0.   2.   0.   0.]
 [  1.   0.   1. 214.   0.   0.   0.   1.   3.   0.]
 [  0.   0.   0.   0. 220.   0.   0.   0.   0.   0.]
 [  0.   1.   0.   1.   1. 217.   0.   0.   0.   0.]
 [  4.   0.   0.   0.   0.   0. 216.   0.   0.   0.]
 [  0.   0.   0.   2.   0.   0.   0. 217.   0.   1.]
 [  0.   0.   0.   0.   0.   0.   0.   0. 220.   0.]
 [  0.   0.   0.   0.   0.   0.   0.   1.   0. 218.]]
step10300
{'acc': 0.9877216916780355, 'f1': 0.9877061359878174, 'micro_f1': 0.9877216916780355, 'test_loss': 0.05031730450708502}
saving model of step10300
Model train epoch:100,loss:6.512815298265195e-05,training_time:10.205337084829807
