[[214.   0.   0.   0.   0.   0.   0.   1.   0.   5.]
 [  0. 217.   1.   0.   0.   0.   0.   1.   1.   0.]
 [  2.   3. 213.   2.   0.   0.   0.   0.   0.   0.]
 [  4.   0.   1. 214.   0.   0.   0.   0.   1.   0.]
 [  0.   0.   0.   0. 218.   0.   0.   2.   0.   0.]
 [  0.   2.   0.   4.  12. 202.   0.   0.   0.   0.]
 [ 10.   0.   4.   1.   0.   1. 201.   0.   0.   3.]
 [ 11.   1.   0.   0.   0.   0.   0. 207.   0.   1.]
 [  0.   0.   0.   0.   0.   0.   0.   0. 220.   0.]
 [  0.   0.   5.   0.   0.   0.   0.   1.   0. 213.]]
step103
{'acc': 0.9636198271941792, 'f1': 0.963671729111059, 'micro_f1': 0.9636198271941792, 'test_loss': 0.11728637407400778}
saving model of step103
Model train epoch:1,loss:0.39181083634209174,training_time:10.300767064094543
[[199.   0.   0.   0.   0.   4.   0.  12.   0.   5.]
 [  0. 219.   1.   0.   0.   0.   0.   0.   0.   0.]
 [  0.   2. 217.   0.   0.   0.   0.   1.   0.   0.]
 [  2.   0.   2. 208.   6.   0.   0.   2.   0.   0.]
 [  0.   0.   0.   0. 219.   0.   0.   1.   0.   0.]
 [  0.   0.   0.   0.  13. 207.   0.   0.   0.   0.]
 [  7.   0.   2.   0.   0.   3. 207.   0.   0.   1.]
 [  1.   0.   0.   0.  14.   0.   0. 204.   0.   1.]
 [  0.   0.   0.   0.   0.   0.   0.   0. 220.   0.]
 [  2.   0.   7.   0.   0.   0.   0.   1.   0. 209.]]
step206
{'acc': 0.9590723055934516, 'f1': 0.9592713993832959, 'micro_f1': 0.9590723055934516, 'test_loss': 0.11971707305804427}
Model train epoch:2,loss:0.08485314945797794,training_time:8.671487513929605
[[205.   0.   0.   0.   0.   1.   0.   1.   2.  11.]
 [  0. 220.   0.   0.   0.   0.   0.   0.   0.   0.]
 [  0.   2. 214.   0.   0.   2.   0.   0.   0.   2.]
 [  0.   0.   1. 211.   8.   0.   0.   0.   0.   0.]
 [  0.   0.   0.   0. 219.   0.   0.   1.   0.   0.]
 [  0.   0.   0.   0.   0. 220.   0.   0.   0.   0.]
 [  4.   0.   2.   0.   0.   1. 212.   0.   0.   1.]
 [  0.   0.   0.   0.   3.   0.   0. 214.   0.   3.]
 [  0.   0.   0.   0.   1.   0.   0.   1. 218.   0.]
 [  0.   0.   0.   0.   0.   0.   0.   1.   0. 218.]]
step309
{'acc': 0.9781718963165075, 'f1': 0.9781787534982286, 'micro_f1': 0.9781718963165075, 'test_loss': 0.060729337333967646}
saving model of step309
Model train epoch:3,loss:0.03656943611209639,training_time:8.762000646442175
[[203.   0.   0.   0.   2.   3.   3.   1.   0.   8.]
 [  0. 219.   0.   0.   0.   0.   0.   1.   0.   0.]
 [  1.   2. 217.   0.   0.   0.   0.   0.   0.   0.]
 [  0.   0.   1. 219.   0.   0.   0.   0.   0.   0.]
 [  0.   1.   0.   0. 218.   0.   0.   1.   0.   0.]
 [  0.   0.   0.   0.  27. 193.   0.   0.   0.   0.]
 [  0.   0.   1.   0.   0.   1. 218.   0.   0.   0.]
 [  1.   2.   0.   0.   0.   0.   0. 215.   1.   1.]
 [  0.   0.   0.   0.   0.   0.   0.   0. 220.   0.]
 [  1.   0.   0.   0.   0.   0.   0.   1.   0. 217.]]
step412
{'acc': 0.9727148703956344, 'f1': 0.9726323337563381, 'micro_f1': 0.9727148703956344, 'test_loss': 0.10307447403652727}
Model train epoch:4,loss:0.0371042050963017,training_time:8.746095646172762
[[218.   0.   0.   0.   0.   0.   0.   1.   0.   1.]
 [  0. 218.   2.   0.   0.   0.   0.   0.   0.   0.]
 [  1.   0. 215.   0.   0.   0.   1.   0.   0.   3.]
 [  3.   0.   1. 216.   0.   0.   0.   0.   0.   0.]
 [  0.   0.   0.   0. 217.   0.   0.   3.   0.   0.]
 [  0.   0.   0.   0.   1. 219.   0.   0.   0.   0.]
 [  4.   0.   1.   0.   0.   1. 214.   0.   0.   0.]
 [  0.   0.   0.   0.   2.   0.   0. 217.   0.   1.]
 [  0.   0.   0.   0.   0.   0.   0.   0. 220.   0.]
 [  0.   0.   0.   0.   0.   0.   0.   1.   0. 218.]]
step515
{'acc': 0.9877216916780355, 'f1': 0.9877388834062287, 'micro_f1': 0.9877216916780355, 'test_loss': 0.039704719968306434}
saving model of step515
Model train epoch:5,loss:0.023761564603773877,training_time:8.72362595424056
[[214.   0.   0.   0.   0.   0.   0.   2.   0.   4.]
 [  0. 218.   2.   0.   0.   0.   0.   0.   0.   0.]
 [  1.   0. 217.   0.   0.   0.   0.   0.   0.   2.]
 [  2.   0.   3. 209.   0.   0.   0.   1.   5.   0.]
 [  0.   0.   0.   0. 220.   0.   0.   0.   0.   0.]
 [  0.   0.   0.   0.   3. 217.   0.   0.   0.   0.]
 [ 14.   0.   2.   0.   0.   2. 200.   0.   0.   2.]
 [  1.   0.   0.   0.   0.   0.   0. 216.   1.   2.]
 [  0.   0.   0.   0.   0.   0.   0.   0. 220.   0.]
 [  0.   0.   0.   0.   0.   0.   0.   0.   0. 219.]]
step618
{'acc': 0.9777171441564347, 'f1': 0.9776672644703799, 'micro_f1': 0.9777171441564346, 'test_loss': 0.08919505921491822}
Model train epoch:6,loss:0.03117533793556504,training_time:8.72010849043727
[[204.   0.   0.   0.   0.   2.   1.   2.   0.  11.]
 [  0. 220.   0.   0.   0.   0.   0.   0.   0.   0.]
 [  0.   0. 217.   0.   0.   0.   0.   2.   0.   1.]
 [  2.   0.   1. 216.   0.   0.   0.   1.   0.   0.]
 [  0.   0.   0.   0. 215.   0.   0.   5.   0.   0.]
 [  0.   2.   0.   0.  18. 199.   0.   1.   0.   0.]
 [  5.   0.   1.   0.   0.   1. 212.   0.   0.   1.]
 [  0.   0.   0.   0.   0.   0.   0. 219.   0.   1.]
 [  0.   0.   0.   3.   0.   0.   0.   1. 216.   0.]
 [  1.   0.   0.   0.   0.   0.   0.   1.   0. 217.]]
step721
{'acc': 0.9708958617553434, 'f1': 0.9708451502575006, 'micro_f1': 0.9708958617553434, 'test_loss': 0.10783094336844183}
Model train epoch:7,loss:0.021789502228225153,training_time:8.654046569019556
[[207.   0.   0.   0.   0.   0.   1.   0.   0.  12.]
 [  0. 220.   0.   0.   0.   0.   0.   0.   0.   0.]
 [  0.   2. 214.   1.   0.   0.   1.   1.   0.   1.]
 [  0.   0.   0. 219.   0.   0.   0.   0.   1.   0.]
 [  0.   0.   0.   0. 214.   0.   0.   6.   0.   0.]
 [  0.   0.   0.   0.   8. 212.   0.   0.   0.   0.]
 [  3.   0.   1.   0.   0.   0. 216.   0.   0.   0.]
 [  3.   0.   0.   4.   0.   0.   0. 211.   0.   2.]
 [  0.   0.   0.   0.   0.   0.   0.   0. 220.   0.]
 [  0.   0.   1.   0.   0.   0.   0.   0.   0. 218.]]
step824
{'acc': 0.9781718963165075, 'f1': 0.9781646227183962, 'micro_f1': 0.9781718963165075, 'test_loss': 0.07207072328767805}
Model train epoch:8,loss:0.007589581267473897,training_time:8.732106901705265
[[203.   0.   0.   0.   0.   2.   0.   3.   0.  12.]
 [  0. 217.   1.   0.   0.   0.   0.   2.   0.   0.]
 [  0.   0. 215.   0.   0.   0.   0.   2.   0.   3.]
 [  3.   0.   1. 214.   0.   0.   0.   2.   0.   0.]
 [  0.   0.   0.   0. 216.   0.   0.   4.   0.   0.]
 [  0.   0.   0.   0.   4. 216.   0.   0.   0.   0.]
 [  2.   0.   1.   0.   0.   1. 215.   0.   0.   1.]
 [  0.   0.   0.   0.   0.   0.   0. 219.   0.   1.]
 [  0.   0.   0.   0.   0.   0.   0.   0. 220.   0.]
 [  0.   0.   0.   0.   0.   0.   0.   1.   0. 218.]]
step927
{'acc': 0.979081400636653, 'f1': 0.9791261856082019, 'micro_f1': 0.979081400636653, 'test_loss': 0.0692745410018168}
Model train epoch:9,loss:0.005850775697091684,training_time:8.710461910814047
[[192.   0.   0.   0.   0.  12.   0.   5.   0.  11.]
 [  0. 220.   0.   0.   0.   0.   0.   0.   0.   0.]
 [  0.   1. 217.   0.   0.   0.   0.   0.   0.   2.]
 [  3.   1.   1. 215.   0.   0.   0.   0.   0.   0.]
 [  0.   0.   0.   0. 217.   0.   0.   3.   0.   0.]
 [  0.   0.   0.   0.   7. 213.   0.   0.   0.   0.]
 [  1.   0.   1.   0.   0.   5. 212.   0.   0.   1.]
 [  0.   0.   0.   0.   1.   0.   0. 218.   0.   1.]
 [  0.   0.   3.   1.   0.   0.   0.   1. 215.   0.]
 [  0.   0.   0.   0.   0.   0.   0.   1.   0. 218.]]
step1030
{'acc': 0.9718053660754888, 'f1': 0.9716441870574656, 'micro_f1': 0.9718053660754888, 'test_loss': 0.10295591741451063}
Model train epoch:10,loss:0.01893544985684387,training_time:9.206912122666836
[[205.   0.   0.   0.   0.   0.   1.   0.   1.  13.]
 [  0. 219.   1.   0.   0.   0.   0.   0.   0.   0.]
 [  0.   0. 212.   0.   0.   0.   0.   2.   0.   6.]
 [  3.   0.   1. 216.   0.   0.   0.   0.   0.   0.]
 [  0.   1.   0.   0. 210.   0.   0.   9.   0.   0.]
 [  1.   0.   0.   0.  12. 207.   0.   0.   0.   0.]
 [  2.   0.   1.   0.   0.   0. 217.   0.   0.   0.]
 [  1.   0.   0.   0.   0.   0.   0. 216.   0.   3.]
 [  0.   0.   0.   0.   0.   0.   0.   0. 220.   0.]
 [  0.   0.   0.   0.   0.   0.   0.   1.   0. 218.]]
step1133
{'acc': 0.9731696225557072, 'f1': 0.9732625018789245, 'micro_f1': 0.9731696225557072, 'test_loss': 0.10727198405594598}
Model train epoch:11,loss:0.009229524913210368,training_time:10.074517343193293
[[198.   0.   0.   0.   0.   3.   0.   7.   0.  12.]
 [  0. 219.   0.   0.   0.   0.   0.   1.   0.   0.]
 [  0.   0. 217.   0.   0.   0.   0.   2.   0.   1.]
 [  1.   0.   0. 219.   0.   0.   0.   0.   0.   0.]
 [  0.   0.   0.   0. 216.   0.   0.   4.   0.   0.]
 [  0.   0.   0.   0.   1. 219.   0.   0.   0.   0.]
 [  1.   0.   2.   0.   0.   2. 212.   1.   0.   2.]
 [  0.   0.   0.   0.   0.   0.   0. 220.   0.   0.]
 [  0.   0.   0.   3.   0.   0.   0.   0. 217.   0.]
 [  0.   0.   0.   0.   0.   0.   0.   1.   0. 218.]]
step1236
{'acc': 0.9799909049567985, 'f1': 0.9799315325558997, 'micro_f1': 0.9799909049567985, 'test_loss': 0.08075320179175054}
Model train epoch:12,loss:0.018287118669272438,training_time:9.620318058878183
[[215.   0.   0.   0.   0.   0.   0.   0.   2.   3.]
 [  0. 219.   1.   0.   0.   0.   0.   0.   0.   0.]
 [  1.   1. 215.   0.   0.   0.   1.   0.   0.   2.]
 [  3.   0.   2. 214.   1.   0.   0.   0.   0.   0.]
 [  0.   0.   0.   0. 220.   0.   0.   0.   0.   0.]
 [  0.   0.   0.   0.   2. 218.   0.   0.   0.   0.]
 [  4.   0.   0.   0.   0.   0. 216.   0.   0.   0.]
 [  7.   0.   0.   0.  13.   0.   0. 198.   1.   1.]
 [  0.   0.   0.   0.   0.   0.   0.   0. 220.   0.]
 [  0.   0.   0.   0.   0.   0.   0.   1.   0. 218.]]
step1339
{'acc': 0.979081400636653, 'f1': 0.9790358834230533, 'micro_f1': 0.979081400636653, 'test_loss': 0.06436730292979129}
Model train epoch:13,loss:0.021514466913056543,training_time:9.865074347704649
[[179.   0.   0.   0.   0.   5.   0.  11.   9.  16.]
 [  0. 219.   1.   0.   0.   0.   0.   0.   0.   0.]
 [  0.   1. 218.   0.   0.   0.   0.   1.   0.   0.]
 [  0.   0.   1. 215.   0.   0.   0.   3.   1.   0.]
 [  0.   1.   0.   0. 219.   0.   0.   0.   0.   0.]
 [  0.   0.   0.   0.   9. 211.   0.   0.   0.   0.]
 [  2.   0.   1.   1.   0.   1. 214.   0.   0.   1.]
 [  0.   0.   0.   0.   0.   0.   0. 219.   0.   1.]
 [  0.   0.   0.   0.   0.   0.   0.   0. 220.   0.]
 [  0.   0.   0.   0.   0.   0.   0.   1.   0. 218.]]
step1442
{'acc': 0.969531605275125, 'f1': 0.9689051664842511, 'micro_f1': 0.969531605275125, 'test_loss': 0.15914558932646677}
Model train epoch:14,loss:0.012505711243228199,training_time:9.53310151398182
[[216.   0.   0.   0.   0.   0.   0.   0.   0.   4.]
 [  0. 218.   1.   0.   0.   0.   0.   1.   0.   0.]
 [  0.   0. 218.   0.   0.   0.   1.   0.   0.   1.]
 [  5.   0.   1. 213.   0.   0.   0.   1.   0.   0.]
 [  0.   0.   0.   0. 210.   0.   0.  10.   0.   0.]
 [  0.   0.   0.   0.   1. 219.   0.   0.   0.   0.]
 [  2.   0.   0.   0.   0.   0. 218.   0.   0.   0.]
 [  0.   0.   0.   0.   0.   0.   0. 219.   0.   1.]
 [  0.   0.   0.   0.   0.   0.   0.   0. 220.   0.]
 [  0.   0.   0.   0.   0.   0.   1.   1.   0. 217.]]
step1545
{'acc': 0.9859026830377444, 'f1': 0.9859382045312952, 'micro_f1': 0.9859026830377444, 'test_loss': 0.05438255014347045}
Model train epoch:15,loss:0.016208308994604383,training_time:9.678297523409128
[[208.   0.   0.   0.   0.   1.   0.   0.   2.   9.]
 [  0. 219.   1.   0.   0.   0.   0.   0.   0.   0.]
 [  0.   1. 215.   0.   0.   0.   0.   1.   0.   3.]
 [  2.   0.   0. 217.   0.   0.   0.   0.   1.   0.]
 [  0.   0.   0.   0. 218.   0.   0.   2.   0.   0.]
 [  0.   0.   0.   0.  19. 201.   0.   0.   0.   0.]
 [  5.   0.   0.   0.   0.   0. 215.   0.   0.   0.]
 [  2.   0.   0.   0.   0.   0.   0. 216.   0.   2.]
 [  0.   0.   0.   0.   0.   0.   0.   0. 220.   0.]
 [  0.   0.   0.   0.   0.   0.   0.   1.   0. 218.]]
step1648
{'acc': 0.9763528876762164, 'f1': 0.9763720440624619, 'micro_f1': 0.9763528876762164, 'test_loss': 0.10359551534181394}
Model train epoch:16,loss:0.01232613482436416,training_time:9.734968945384026
[[207.   0.   0.   0.   0.   1.   0.   2.   1.   9.]
 [  0. 219.   1.   0.   0.   0.   0.   0.   0.   0.]
 [  0.   0. 216.   0.   0.   0.   0.   1.   0.   3.]
 [  0.   0.   0. 219.   0.   0.   0.   0.   1.   0.]
 [  0.   0.   0.   0. 219.   0.   0.   1.   0.   0.]
 [  0.   0.   0.   0.   8. 212.   0.   0.   0.   0.]
 [  1.   0.   0.   0.   0.   1. 218.   0.   0.   0.]
 [  0.   0.   0.   0.   0.   0.   0. 218.   0.   2.]
 [  0.   0.   0.   0.   0.   0.   0.   0. 220.   0.]
 [  0.   0.   0.   0.   0.   0.   0.   1.   0. 218.]]
step1751
{'acc': 0.984993178717599, 'f1': 0.984996468570196, 'micro_f1': 0.984993178717599, 'test_loss': 0.06500924037598972}
Model train epoch:17,loss:0.0012039000759194517,training_time:9.587484780699015
[[209.   0.   0.   0.   0.   2.   0.   1.   2.   6.]
 [  0. 220.   0.   0.   0.   0.   0.   0.   0.   0.]
 [  0.   2. 213.   0.   0.   0.   2.   0.   0.   3.]
 [  0.   0.   0. 218.   1.   0.   0.   0.   1.   0.]
 [  0.   0.   0.   0. 220.   0.   0.   0.   0.   0.]
 [  0.   0.   0.   0.   0. 220.   0.   0.   0.   0.]
 [  2.   0.   0.   0.   0.   1. 217.   0.   0.   0.]
 [  0.   0.   0.   0.   1.   0.   0. 219.   0.   0.]
 [  0.   0.   0.   0.   0.   0.   0.   0. 220.   0.]
 [  0.   0.   0.   0.   0.   0.   0.   1.   0. 218.]]
step1854
{'acc': 0.988631195998181, 'f1': 0.988589753599955, 'micro_f1': 0.988631195998181, 'test_loss': 0.03937983160992319}
saving model of step1854
Model train epoch:18,loss:0.005638846932435207,training_time:9.679972141981125
[[216.   0.   0.   0.   0.   0.   0.   2.   0.   2.]
 [  0. 218.   1.   0.   0.   0.   0.   1.   0.   0.]
 [  0.   0. 215.   0.   0.   0.   0.   2.   0.   3.]
 [  1.   0.   0. 218.   0.   0.   0.   0.   1.   0.]
 [  0.   0.   0.   0. 219.   0.   0.   1.   0.   0.]
 [  0.   0.   0.   0.   1. 219.   0.   0.   0.   0.]
 [  0.   0.   0.   0.   0.   1. 219.   0.   0.   0.]
 [  0.   0.   0.   0.   0.   0.   0. 220.   0.   0.]
 [  0.   0.   0.   0.   0.   0.   0.   0. 220.   0.]
 [  0.   0.   0.   0.   0.   0.   0.   1.   0. 218.]]
step1957
{'acc': 0.992269213278763, 'f1': 0.9922793461415687, 'micro_f1': 0.992269213278763, 'test_loss': 0.0227985883202304}
saving model of step1957
Model train epoch:19,loss:0.0026905127920494685,training_time:9.587227679789066
[[220.   0.   0.   0.   0.   0.   0.   0.   0.   0.]
 [  0. 220.   0.   0.   0.   0.   0.   0.   0.   0.]
 [  0.   1. 214.   0.   0.   0.   0.   1.   0.   4.]
 [  2.   0.   1. 216.   0.   0.   0.   0.   1.   0.]
 [  0.   0.   0.   0. 218.   0.   0.   2.   0.   0.]
 [  0.   0.   0.   2.  16. 202.   0.   0.   0.   0.]
 [  2.   0.   1.   0.   0.   0. 217.   0.   0.   0.]
 [  2.   0.   0.   3.   0.   0.   0. 215.   0.   0.]
 [  0.   0.   0.   0.   0.   0.   0.   0. 220.   0.]
 [  0.   0.   0.   0.   0.   0.   0.   1.   0. 218.]]
step2060
{'acc': 0.9822646657571623, 'f1': 0.9822249549171215, 'micro_f1': 0.9822646657571623, 'test_loss': 0.07872905445796537}
Model train epoch:20,loss:0.0074941200529372925,training_time:9.469996884465218
[[219.   0.   0.   0.   0.   0.   0.   0.   0.   1.]
 [  0. 220.   0.   0.   0.   0.   0.   0.   0.   0.]
 [  0.   2. 217.   0.   0.   0.   0.   1.   0.   0.]
 [  6.   0.   0. 214.   0.   0.   0.   0.   0.   0.]
 [  0.   0.   0.   0. 216.   0.   0.   4.   0.   0.]
 [  2.   0.   0.   0.   0. 218.   0.   0.   0.   0.]
 [ 19.   0.   2.   0.   0.   0. 199.   0.   0.   0.]
 [  7.   0.   0.   2.   0.   0.   0. 207.   0.   4.]
 [  0.   0.   0.   0.   0.   0.   0.   0. 220.   0.]
 [  0.   0.   0.   0.   0.   0.   0.   1.   0. 218.]]
step2163
{'acc': 0.9768076398362893, 'f1': 0.9770426773989437, 'micro_f1': 0.9768076398362893, 'test_loss': 0.08110654270442735}
Model train epoch:21,loss:0.02764542079491478,training_time:9.454390712082386
[[208.   0.   0.   0.   0.   0.   0.   0.   2.  10.]
 [  0. 220.   0.   0.   0.   0.   0.   0.   0.   0.]
 [  0.   1. 215.   0.   0.   0.   0.   1.   0.   3.]
 [  1.   0.   0. 217.   0.   0.   0.   1.   1.   0.]
 [  0.   0.   0.   0. 215.   0.   0.   5.   0.   0.]
 [  0.   0.   0.   0.   0. 220.   0.   0.   0.   0.]
 [  3.   0.   0.   0.   0.   0. 217.   0.   0.   0.]
 [  0.   0.   0.   0.   0.   0.   0. 216.   0.   4.]
 [  0.   0.   0.   0.   0.   0.   0.   0. 220.   0.]
 [  0.   0.   0.   0.   0.   0.   0.   1.   0. 218.]]
step2266
{'acc': 0.984993178717599, 'f1': 0.9850530293254103, 'micro_f1': 0.984993178717599, 'test_loss': 0.04936951096959612}
Model train epoch:22,loss:0.005871333893642609,training_time:9.611853364855051
[[202.   0.   0.   0.   0.   7.   1.   0.   2.   8.]
 [  0. 220.   0.   0.   0.   0.   0.   0.   0.   0.]
 [  0.   1. 210.   0.   0.   0.   0.   1.   0.   8.]
 [  0.   0.   0. 218.   1.   1.   0.   0.   0.   0.]
 [  0.   0.   0.   0. 218.   0.   0.   2.   0.   0.]
 [  0.   0.   0.   0.   0. 220.   0.   0.   0.   0.]
 [  2.   0.   0.   0.   0.   3. 215.   0.   0.   0.]
 [  0.   0.   0.   0.   0.   0.   0. 219.   0.   1.]
 [  0.   0.   0.   0.   0.   0.   0.   0. 220.   0.]
 [  0.   0.   0.   0.   0.   0.   0.   1.   0. 218.]]
step2369
{'acc': 0.9822646657571623, 'f1': 0.9822296020521633, 'micro_f1': 0.9822646657571623, 'test_loss': 0.07085937847212855}
Model train epoch:23,loss:0.00309188930329513,training_time:9.400771394371986
[[210.   0.   0.   0.   0.   1.   0.   1.   2.   6.]
 [  0. 217.   2.   0.   0.   0.   0.   1.   0.   0.]
 [  0.   1. 217.   0.   0.   0.   1.   1.   0.   0.]
 [  0.   0.   0. 216.   0.   1.   0.   0.   3.   0.]
 [  0.   0.   0.   0. 217.   0.   0.   3.   0.   0.]
 [  2.   0.   0.   0.   1. 217.   0.   0.   0.   0.]
 [ 12.   0.   1.   0.   0.   0. 207.   0.   0.   0.]
 [  0.   0.   0.   0.   0.   0.   0. 218.   0.   2.]
 [  0.   0.   0.   0.   0.   0.   0.   0. 220.   0.]
 [  0.   0.   0.   0.   0.   0.   0.   1.   0. 218.]]
step2472
{'acc': 0.9809004092769441, 'f1': 0.9809085234927977, 'micro_f1': 0.9809004092769441, 'test_loss': 0.08361622046889222}
Model train epoch:24,loss:0.005201487136358852,training_time:9.629268027842045
[[204.   0.   0.   0.   0.   2.   1.   2.   2.   9.]
 [  0. 218.   2.   0.   0.   0.   0.   0.   0.   0.]
 [  0.   1. 217.   0.   0.   1.   0.   1.   0.   0.]
 [  1.   0.   1. 216.   0.   0.   0.   0.   2.   0.]
 [  0.   0.   0.   0. 220.   0.   0.   0.   0.   0.]
 [  1.   0.   0.   0.   3. 216.   0.   0.   0.   0.]
 [  0.   0.   0.   0.   0.   0. 220.   0.   0.   0.]
 [  0.   0.   0.   0.   0.   0.   0. 218.   0.   2.]
 [  0.   0.   1.   0.   0.   0.   0.   0. 219.   0.]
 [  0.   0.   1.   0.   0.   0.   0.   1.   0. 217.]]
step2575
{'acc': 0.9845384265575261, 'f1': 0.9844709877031372, 'micro_f1': 0.9845384265575261, 'test_loss': 0.05452689408775768}
Model train epoch:25,loss:0.010562128174429884,training_time:9.834546785801649
[[200.   0.   0.   0.   0.   1.   0.   7.   3.   9.]
 [  0. 220.   0.   0.   0.   0.   0.   0.   0.   0.]
 [  0.   1. 214.   0.   0.   1.   0.   1.   0.   3.]
 [  0.   0.   0. 218.   2.   0.   0.   0.   0.   0.]
 [  0.   0.   0.   0. 220.   0.   0.   0.   0.   0.]
 [  0.   0.   0.   2.   7. 211.   0.   0.   0.   0.]
 [  7.   0.   1.   0.   0.   1. 208.   1.   0.   2.]
 [  0.   0.   0.   0.   1.   0.   0. 216.   0.   3.]
 [  0.   0.   0.   0.   0.   0.   0.   0. 220.   0.]
 [  0.   0.   0.   0.   0.   0.   0.   0.   0. 219.]]
step2678
{'acc': 0.9758981355161437, 'f1': 0.9758060208549765, 'micro_f1': 0.9758981355161437, 'test_loss': 0.09608257521810759}
Model train epoch:26,loss:0.014522666983723936,training_time:9.475806284695864
[[211.   0.   0.   0.   0.   0.   0.   2.   1.   6.]
 [  0. 219.   0.   0.   0.   0.   0.   1.   0.   0.]
 [  0.   1. 217.   0.   0.   0.   0.   1.   0.   1.]
 [  1.   0.   1. 218.   0.   0.   0.   0.   0.   0.]
 [  0.   0.   0.   0. 219.   0.   0.   1.   0.   0.]
 [  0.   0.   0.   0.   0. 220.   0.   0.   0.   0.]
 [  3.   0.   0.   0.   0.   0. 217.   0.   0.   0.]
 [  0.   0.   0.   0.   0.   0.   0. 217.   0.   3.]
 [  0.   0.   0.   0.   0.   0.   0.   0. 220.   0.]
 [  0.   0.   0.   0.   0.   0.   1.   1.   0. 217.]]
step2781
{'acc': 0.9890859481582538, 'f1': 0.989097110304636, 'micro_f1': 0.9890859481582538, 'test_loss': 0.03771834056723102}
Model train epoch:27,loss:0.002003579303933433,training_time:9.403581947088242
[[194.   0.   0.   0.   0.   2.   0.  11.   5.   8.]
 [  0. 219.   0.   0.   0.   0.   0.   1.   0.   0.]
 [  0.   1. 216.   0.   0.   0.   0.   1.   0.   2.]
 [  0.   0.   3. 216.   0.   0.   0.   0.   1.   0.]
 [  0.   0.   0.   0. 219.   0.   0.   1.   0.   0.]
 [  0.   0.   0.   0.   6. 214.   0.   0.   0.   0.]
 [  1.   0.   0.   0.   0.   0. 217.   1.   0.   1.]
 [  0.   0.   0.   0.   0.   0.   0. 219.   0.   1.]
 [  0.   0.   0.   0.   0.   0.   0.   1. 219.   0.]
 [  0.   0.   0.   0.   0.   0.   0.   1.   0. 218.]]
step2884
{'acc': 0.9781718963165075, 'f1': 0.9780173462089902, 'micro_f1': 0.9781718963165075, 'test_loss': 0.09035155106893009}
Model train epoch:28,loss:0.004597683293678319,training_time:9.487726867198944
[[218.   0.   0.   0.   0.   0.   0.   0.   0.   2.]
 [  0. 219.   1.   0.   0.   0.   0.   0.   0.   0.]
 [  0.   0. 218.   0.   0.   0.   2.   0.   0.   0.]
 [  1.   0.   0. 218.   0.   0.   0.   0.   1.   0.]
 [  0.   0.   0.   0. 216.   1.   0.   3.   0.   0.]
 [  0.   0.   0.   0.   0. 220.   0.   0.   0.   0.]
 [  2.   0.   0.   0.   0.   0. 218.   0.   0.   0.]
 [  4.   0.   0.   0.   0.   0.   0. 213.   0.   3.]
 [  0.   0.   0.   0.   0.   0.   0.   0. 220.   0.]
 [  0.   0.   0.   0.   0.   0.   1.   0.   0. 218.]]
step2987
{'acc': 0.990450204638472, 'f1': 0.9904539685291522, 'micro_f1': 0.990450204638472, 'test_loss': 0.03229770239948786}
Model train epoch:29,loss:0.006668726832895817,training_time:9.442598644644022
[[205.   0.   0.   0.   0.   0.   0.   5.   3.   7.]
 [  0. 218.   1.   0.   0.   0.   0.   1.   0.   0.]
 [  0.   0. 218.   0.   0.   0.   0.   2.   0.   0.]
 [  1.   0.   1. 216.   0.   0.   0.   0.   2.   0.]
 [  0.   0.   0.   0. 219.   0.   0.   1.   0.   0.]
 [  0.   0.   0.   2.  19. 199.   0.   0.   0.   0.]
 [  2.   0.   0.   0.   0.   2. 216.   0.   0.   0.]
 [  0.   0.   0.   0.   0.   0.   0. 220.   0.   0.]
 [  0.   0.   0.   0.   0.   0.   0.   0. 220.   0.]
 [  0.   0.   1.   0.   0.   0.   0.   1.   0. 217.]]
step3090
{'acc': 0.9768076398362893, 'f1': 0.9767092749027864, 'micro_f1': 0.9768076398362893, 'test_loss': 0.0934249028332228}
Model train epoch:30,loss:0.005666787490694192,training_time:9.407712828367949
[[207.   0.   0.   0.   0.   0.   0.   1.   2.  10.]
 [  0. 220.   0.   0.   0.   0.   0.   0.   0.   0.]
 [  0.   0. 219.   0.   0.   0.   0.   1.   0.   0.]
 [  3.   0.   1. 215.   0.   0.   0.   0.   1.   0.]
 [  0.   0.   0.   0. 218.   1.   0.   1.   0.   0.]
 [  2.   0.   0.   0.   1. 217.   0.   0.   0.   0.]
 [  2.   0.   0.   0.   0.   1. 217.   0.   0.   0.]
 [  1.   0.   0.   1.   4.   0.   0. 212.   0.   2.]
 [  0.   0.   0.   0.   0.   0.   0.   0. 220.   0.]
 [  0.   0.   0.   0.   0.   0.   0.   0.   0. 219.]]
step3193
{'acc': 0.9840836743974534, 'f1': 0.9840635318877571, 'micro_f1': 0.9840836743974534, 'test_loss': 0.05896250537885602}
Model train epoch:31,loss:0.004542175778764291,training_time:9.588929157704115
[[197.   0.   0.   0.   0.   4.   1.   1.   3.  14.]
 [  0. 220.   0.   0.   0.   0.   0.   0.   0.   0.]
 [  0.   0. 218.   0.   0.   0.   0.   2.   0.   0.]
 [  2.   0.   1. 214.   0.   0.   0.   0.   3.   0.]
 [  0.   0.   0.   0. 219.   0.   0.   1.   0.   0.]
 [  0.   0.   0.   2.   0. 218.   0.   0.   0.   0.]
 [  1.   0.   0.   0.   0.   0. 218.   0.   0.   1.]
 [  2.   0.   0.   0.   1.   0.   0. 214.   0.   3.]
 [  0.   0.   0.   0.   0.   0.   0.   0. 220.   0.]
 [  0.   0.   0.   0.   0.   0.   0.   0.   0. 219.]]
step3296
{'acc': 0.9809004092769441, 'f1': 0.9807755474862224, 'micro_f1': 0.9809004092769441, 'test_loss': 0.09650890399809993}
Model train epoch:32,loss:0.004534107997012773,training_time:9.427112556993961
[[207.   0.   1.   0.   0.   0.   1.   2.   0.   9.]
 [  0. 216.   2.   0.   0.   0.   0.   2.   0.   0.]
 [  0.   0. 218.   0.   0.   0.   2.   0.   0.   0.]
 [  0.   0.   1. 215.   0.   0.   0.   0.   4.   0.]
 [  0.   0.   0.   0. 216.   0.   0.   1.   3.   0.]
 [  3.   0.   0.   2.   8. 207.   0.   0.   0.   0.]
 [  3.   0.   0.   1.   0.   0. 216.   0.   0.   0.]
 [  0.   0.   0.   2.   0.   0.   0. 217.   0.   1.]
 [  0.   0.   0.   0.   0.   0.   0.   0. 220.   0.]
 [  0.   0.   3.   0.   0.   0.   1.   0.   0. 215.]]
step3399
{'acc': 0.9763528876762164, 'f1': 0.9763048944243599, 'micro_f1': 0.9763528876762164, 'test_loss': 0.09183028454426675}
Model train epoch:33,loss:0.024724367134555135,training_time:9.494174737483263
[[206.   0.   0.   0.   0.   3.   0.   5.   2.   4.]
 [  0. 218.   0.   0.   0.   0.   0.   2.   0.   0.]
 [  2.   0. 213.   0.   0.   0.   0.   2.   0.   3.]
 [  3.   0.   0. 216.   0.   0.   0.   0.   1.   0.]
 [  0.   0.   0.   0. 217.   0.   0.   3.   0.   0.]
 [  1.   0.   0.   0.   2. 217.   0.   0.   0.   0.]
 [  3.   0.   0.   0.   0.   1. 216.   0.   0.   0.]
 [  1.   0.   0.   0.   0.   0.   0. 218.   0.   1.]
 [  0.   0.   0.   0.   0.   0.   0.   1. 219.   0.]
 [  0.   0.   0.   0.   0.   0.   0.   1.   0. 218.]]
step3502
{'acc': 0.9813551614370168, 'f1': 0.9813937752327915, 'micro_f1': 0.9813551614370168, 'test_loss': 0.055613623082172124}
Model train epoch:34,loss:0.01397907202492486,training_time:9.438675187528133
[[211.   0.   0.   0.   0.   0.   0.   4.   0.   5.]
 [  0. 220.   0.   0.   0.   0.   0.   0.   0.   0.]
 [  0.   1. 217.   0.   0.   0.   0.   1.   0.   1.]
 [  0.   0.   0. 219.   0.   0.   0.   0.   1.   0.]
 [  0.   0.   0.   0. 219.   0.   0.   1.   0.   0.]
 [  1.   0.   0.   0.   0. 219.   0.   0.   0.   0.]
 [  6.   0.   0.   0.   0.   0. 214.   0.   0.   0.]
 [  2.   0.   0.   1.   0.   0.   0. 217.   0.   0.]
 [  0.   0.   0.   0.   0.   0.   0.   0. 220.   0.]
 [  0.   0.   0.   0.   0.   0.   0.   1.   0. 218.]]
step3605
{'acc': 0.988631195998181, 'f1': 0.9886440748221821, 'micro_f1': 0.988631195998181, 'test_loss': 0.04251843177044066}
Model train epoch:35,loss:0.005528923972703454,training_time:9.475100819021463
[[205.   0.   1.   0.   0.   3.   0.   3.   0.   8.]
 [  0. 220.   0.   0.   0.   0.   0.   0.   0.   0.]
 [  0.   0. 220.   0.   0.   0.   0.   0.   0.   0.]
 [  0.   0.   5. 215.   0.   0.   0.   0.   0.   0.]
 [  0.   0.   0.   0. 217.   0.   0.   3.   0.   0.]
 [  1.   0.   0.   0.   5. 214.   0.   0.   0.   0.]
 [  6.   0.   0.   0.   0.   1. 212.   1.   0.   0.]
 [  0.   0.   0.   0.   0.   0.   0. 219.   0.   1.]
 [  1.   0.   0.   4.   0.   0.   0.   1. 214.   0.]
 [  0.   0.   0.   0.   0.   0.   0.   1.   0. 218.]]
step3708
{'acc': 0.9795361527967258, 'f1': 0.9794911209053826, 'micro_f1': 0.9795361527967258, 'test_loss': 0.08205948993085517}
Model train epoch:36,loss:0.013916093348178457,training_time:9.396880716085434
[[208.   0.   0.   2.   0.   6.   0.   0.   0.   4.]
 [  0. 219.   0.   0.   0.   0.   0.   1.   0.   0.]
 [  0.   0. 219.   0.   0.   0.   0.   1.   0.   0.]
 [  0.   0.   0. 218.   0.   0.   0.   0.   2.   0.]
 [  0.   0.   0.   0. 219.   0.   0.   1.   0.   0.]
 [  0.   0.   0.   2.   1. 217.   0.   0.   0.   0.]
 [  7.   0.   1.   0.   0.   0. 210.   2.   0.   0.]
 [  0.   0.   0.   0.   3.   0.   0. 216.   0.   1.]
 [  1.   0.   0.   0.   0.   0.   0.   0. 219.   0.]
 [  0.   0.   0.   0.   0.   0.   1.   1.   0. 217.]]
step3811
{'acc': 0.9831741700773079, 'f1': 0.9831305498942472, 'micro_f1': 0.9831741700773079, 'test_loss': 0.05164646501382646}
Model train epoch:37,loss:0.01471558828668024,training_time:9.476737454533577
[[220.   0.   0.   0.   0.   0.   0.   0.   0.   0.]
 [  0. 219.   0.   0.   0.   0.   0.   1.   0.   0.]
 [  1.   4. 211.   0.   0.   1.   0.   1.   0.   2.]
 [  1.   0.   0. 217.   1.   0.   0.   0.   1.   0.]
 [  0.   0.   0.   0. 220.   0.   0.   0.   0.   0.]
 [  5.   0.   0.   0.   1. 214.   0.   0.   0.   0.]
 [ 12.   0.   0.   0.   0.   0. 208.   0.   0.   0.]
 [  0.   0.   0.   0.   0.   0.   0. 218.   0.   2.]
 [  0.   0.   0.   0.   0.   0.   0.   0. 220.   0.]
 [  0.   0.   0.   0.   0.   0.   0.   1.   0. 218.]]
step3914
{'acc': 0.9845384265575261, 'f1': 0.9845974788944464, 'micro_f1': 0.9845384265575261, 'test_loss': 0.06901819411642854}
Model train epoch:38,loss:0.003961968788539357,training_time:9.484546538442373
[[209.   0.   0.   0.   0.   0.   0.   1.   0.  10.]
 [  0. 219.   0.   0.   0.   0.   0.   1.   0.   0.]
 [  0.   0. 216.   0.   0.   0.   0.   2.   0.   2.]
 [  0.   0.   0. 217.   0.   0.   0.   3.   0.   0.]
 [  0.   0.   0.   0. 217.   0.   0.   3.   0.   0.]
 [  2.   0.   0.   0.   4. 214.   0.   0.   0.   0.]
 [  4.   0.   0.   0.   0.   3. 211.   1.   0.   1.]
 [  0.   0.   0.   0.   0.   0.   0. 218.   0.   2.]
 [  0.   0.   0.   0.   0.   0.   0.   0. 220.   0.]
 [  0.   0.   0.   0.   0.   0.   0.   1.   0. 218.]]
step4017
{'acc': 0.9818099135970896, 'f1': 0.9818743342135587, 'micro_f1': 0.9818099135970896, 'test_loss': 0.07814932284387137}
Model train epoch:39,loss:0.0005647780261334936,training_time:9.457356557250023
[[211.   0.   0.   0.   0.   0.   0.   1.   0.   8.]
 [  0. 219.   0.   0.   0.   0.   0.   1.   0.   0.]
 [  0.   0. 216.   0.   0.   0.   1.   2.   0.   1.]
 [  0.   0.   0. 219.   0.   0.   0.   0.   1.   0.]
 [  0.   0.   0.   0. 217.   0.   0.   3.   0.   0.]
 [  2.   0.   0.   0.   1. 217.   0.   0.   0.   0.]
 [  3.   0.   0.   0.   0.   1. 216.   0.   0.   0.]
 [  0.   0.   0.   0.   0.   0.   0. 218.   0.   2.]
 [  0.   0.   0.   0.   0.   0.   0.   0. 220.   0.]
 [  0.   0.   0.   0.   0.   0.   0.   1.   0. 218.]]
step4120
{'acc': 0.9872669395179627, 'f1': 0.9872978487248801, 'micro_f1': 0.9872669395179627, 'test_loss': 0.05167890024965475}
Model train epoch:40,loss:0.0001984517145081974,training_time:9.563718680292368
[[210.   0.   0.   0.   0.   0.   0.   1.   0.   9.]
 [  0. 219.   0.   0.   0.   0.   0.   1.   0.   0.]
 [  0.   0. 216.   0.   0.   0.   1.   2.   0.   1.]
 [  0.   0.   0. 219.   0.   0.   0.   0.   1.   0.]
 [  0.   0.   0.   0. 217.   0.   0.   3.   0.   0.]
 [  2.   0.   0.   0.   1. 217.   0.   0.   0.   0.]
 [  2.   0.   0.   0.   0.   1. 217.   0.   0.   0.]
 [  0.   0.   0.   0.   0.   0.   0. 218.   0.   2.]
 [  0.   0.   0.   0.   0.   0.   0.   0. 220.   0.]
 [  0.   0.   0.   0.   0.   0.   0.   1.   0. 218.]]
step4223
{'acc': 0.9872669395179627, 'f1': 0.9872972226868771, 'micro_f1': 0.9872669395179627, 'test_loss': 0.05515876485933404}
Model train epoch:41,loss:0.00010532614316196906,training_time:9.677838243544102
[[210.   0.   0.   0.   0.   0.   0.   1.   0.   9.]
 [  0. 219.   0.   0.   0.   0.   0.   1.   0.   0.]
 [  0.   0. 216.   0.   0.   0.   1.   2.   0.   1.]
 [  0.   0.   0. 219.   0.   0.   0.   0.   1.   0.]
 [  0.   0.   0.   0. 217.   0.   0.   3.   0.   0.]
 [  2.   0.   0.   0.   2. 216.   0.   0.   0.   0.]
 [  3.   0.   0.   0.   0.   1. 216.   0.   0.   0.]
 [  0.   0.   0.   0.   0.   0.   0. 218.   0.   2.]
 [  0.   0.   0.   0.   0.   0.   0.   0. 220.   0.]
 [  0.   0.   0.   0.   0.   0.   0.   1.   0. 218.]]
step4326
{'acc': 0.9863574351978172, 'f1': 0.9863871976203583, 'micro_f1': 0.9863574351978172, 'test_loss': 0.05494615193718866}
Model train epoch:42,loss:7.388465863956438e-05,training_time:9.45096829533577
[[210.   0.   0.   0.   0.   0.   0.   1.   0.   9.]
 [  0. 219.   0.   0.   0.   0.   0.   1.   0.   0.]
 [  0.   0. 216.   0.   0.   0.   1.   2.   0.   1.]
 [  1.   0.   0. 218.   0.   0.   0.   0.   1.   0.]
 [  0.   0.   0.   0. 217.   0.   0.   3.   0.   0.]
 [  2.   0.   0.   0.   2. 216.   0.   0.   0.   0.]
 [  2.   0.   0.   0.   0.   1. 217.   0.   0.   0.]
 [  0.   0.   0.   0.   0.   0.   0. 218.   0.   2.]
 [  0.   0.   0.   0.   0.   0.   0.   0. 220.   0.]
 [  0.   0.   0.   0.   0.   0.   0.   1.   0. 218.]]
step4429
{'acc': 0.9863574351978172, 'f1': 0.986389289799187, 'micro_f1': 0.9863574351978172, 'test_loss': 0.05642265250215652}
Model train epoch:43,loss:7.891272997977257e-05,training_time:9.372867368161678
[[210.   0.   0.   0.   0.   0.   0.   1.   0.   9.]
 [  0. 219.   0.   0.   0.   0.   0.   1.   0.   0.]
 [  0.   0. 216.   0.   0.   0.   1.   2.   0.   1.]
 [  0.   0.   0. 219.   0.   0.   0.   0.   1.   0.]
 [  0.   0.   0.   0. 217.   0.   0.   3.   0.   0.]
 [  2.   0.   0.   0.   2. 216.   0.   0.   0.   0.]
 [  4.   0.   0.   0.   0.   0. 216.   0.   0.   0.]
 [  0.   0.   0.   0.   0.   0.   0. 218.   0.   2.]
 [  0.   0.   0.   0.   0.   0.   0.   0. 220.   0.]
 [  0.   0.   0.   0.   0.   0.   0.   1.   0. 218.]]
step4532
{'acc': 0.9863574351978172, 'f1': 0.9863924822788499, 'micro_f1': 0.9863574351978172, 'test_loss': 0.05084501686274702}
Model train epoch:44,loss:7.264993368712916e-05,training_time:9.41933024674654
[[210.   0.   0.   0.   0.   0.   0.   1.   0.   9.]
 [  0. 219.   0.   0.   0.   0.   0.   1.   0.   0.]
 [  0.   0. 216.   0.   0.   0.   1.   2.   0.   1.]
 [  0.   0.   0. 219.   0.   0.   0.   0.   1.   0.]
 [  0.   0.   0.   0. 217.   0.   0.   3.   0.   0.]
 [  2.   0.   0.   0.   2. 216.   0.   0.   0.   0.]
 [  4.   0.   0.   0.   0.   0. 216.   0.   0.   0.]
 [  0.   0.   0.   0.   0.   0.   0. 218.   0.   2.]
 [  0.   0.   0.   0.   0.   0.   0.   0. 220.   0.]
 [  0.   0.   0.   0.   0.   0.   0.   1.   0. 218.]]
step4635
{'acc': 0.9863574351978172, 'f1': 0.9863924822788499, 'micro_f1': 0.9863574351978172, 'test_loss': 0.05046802350147378}
Model train epoch:45,loss:7.737815650006478e-05,training_time:9.407984092831612
[[208.   0.   0.   0.   0.   0.   0.   1.   0.  11.]
 [  0. 219.   0.   0.   0.   0.   0.   1.   0.   0.]
 [  0.   0. 216.   0.   0.   0.   1.   2.   0.   1.]
 [  0.   0.   0. 219.   0.   0.   0.   0.   1.   0.]
 [  0.   0.   0.   0. 217.   0.   0.   3.   0.   0.]
 [  2.   0.   0.   0.   2. 216.   0.   0.   0.   0.]
 [  2.   0.   0.   0.   0.   1. 217.   0.   0.   0.]
 [  0.   0.   0.   0.   0.   0.   0. 218.   0.   2.]
 [  0.   0.   0.   0.   0.   0.   0.   0. 220.   0.]
 [  0.   0.   0.   0.   0.   0.   0.   1.   0. 218.]]
step4738
{'acc': 0.9859026830377444, 'f1': 0.9859320731188503, 'micro_f1': 0.9859026830377444, 'test_loss': 0.06303931300881231}
Model train epoch:46,loss:7.309202895227757e-05,training_time:9.428610615432262
[[210.   0.   0.   0.   0.   0.   0.   1.   0.   9.]
 [  0. 219.   0.   0.   0.   0.   0.   1.   0.   0.]
 [  0.   0. 216.   0.   0.   0.   0.   2.   0.   2.]
 [  0.   0.   0. 219.   0.   0.   0.   0.   1.   0.]
 [  0.   0.   0.   0. 217.   0.   0.   3.   0.   0.]
 [  2.   0.   0.   0.   2. 216.   0.   0.   0.   0.]
 [  3.   0.   0.   0.   0.   1. 216.   0.   0.   0.]
 [  0.   0.   0.   0.   0.   0.   0. 218.   0.   2.]
 [  0.   0.   0.   0.   0.   0.   0.   0. 220.   0.]
 [  0.   0.   0.   0.   0.   0.   0.   1.   0. 218.]]
step4841
{'acc': 0.9863574351978172, 'f1': 0.9863981430161785, 'micro_f1': 0.9863574351978172, 'test_loss': 0.05950721256225994}
Model train epoch:47,loss:5.143023274565796e-05,training_time:9.522160813212395
[[210.   0.   0.   0.   0.   0.   0.   1.   0.   9.]
 [  0. 219.   0.   0.   0.   0.   0.   1.   0.   0.]
 [  0.   0. 216.   0.   0.   0.   0.   2.   0.   2.]
 [  0.   0.   0. 219.   0.   0.   0.   0.   1.   0.]
 [  0.   0.   0.   0. 217.   0.   0.   3.   0.   0.]
 [  2.   0.   0.   0.   1. 217.   0.   0.   0.   0.]
 [  4.   0.   0.   0.   0.   0. 216.   0.   0.   0.]
 [  0.   0.   0.   0.   0.   0.   0. 218.   0.   2.]
 [  0.   0.   0.   0.   0.   0.   0.   0. 220.   0.]
 [  0.   0.   0.   0.   0.   0.   0.   1.   0. 218.]]
step4944
{'acc': 0.98681218735789, 'f1': 0.9868600701663721, 'micro_f1': 0.98681218735789, 'test_loss': 0.057225638489139134}
Model train epoch:48,loss:4.7779208303976564e-05,training_time:9.740331906825304
[[210.   0.   0.   0.   0.   0.   0.   1.   0.   9.]
 [  0. 219.   0.   0.   0.   0.   0.   1.   0.   0.]
 [  0.   0. 216.   0.   0.   0.   0.   2.   0.   2.]
 [  0.   0.   0. 219.   0.   0.   0.   0.   1.   0.]
 [  0.   0.   0.   0. 217.   0.   0.   3.   0.   0.]
 [  2.   0.   0.   0.   1. 217.   0.   0.   0.   0.]
 [  4.   0.   0.   0.   0.   0. 216.   0.   0.   0.]
 [  0.   0.   0.   0.   0.   0.   0. 218.   0.   2.]
 [  0.   0.   0.   0.   0.   0.   0.   0. 220.   0.]
 [  0.   0.   0.   0.   0.   0.   0.   1.   0. 218.]]
step5047
{'acc': 0.98681218735789, 'f1': 0.9868600701663721, 'micro_f1': 0.98681218735789, 'test_loss': 0.05597032139500827}
Model train epoch:49,loss:4.485943504033248e-05,training_time:9.451347436755896
[[210.   0.   0.   0.   0.   0.   0.   1.   0.   9.]
 [  0. 219.   0.   0.   0.   0.   0.   1.   0.   0.]
 [  0.   0. 216.   0.   0.   0.   0.   2.   0.   2.]
 [  0.   0.   0. 219.   0.   0.   0.   0.   1.   0.]
 [  0.   0.   0.   0. 217.   0.   0.   3.   0.   0.]
 [  2.   0.   0.   0.   1. 217.   0.   0.   0.   0.]
 [  4.   0.   0.   0.   0.   0. 216.   0.   0.   0.]
 [  0.   0.   0.   0.   0.   0.   0. 218.   0.   2.]
 [  0.   0.   0.   0.   0.   0.   0.   0. 220.   0.]
 [  0.   0.   0.   0.   0.   0.   0.   1.   0. 218.]]
step5150
{'acc': 0.98681218735789, 'f1': 0.9868600701663721, 'micro_f1': 0.98681218735789, 'test_loss': 0.054641270041611276}
Model train epoch:50,loss:4.291268380886602e-05,training_time:9.396463837474585
[[210.   0.   0.   0.   0.   0.   0.   1.   0.   9.]
 [  0. 219.   0.   0.   0.   0.   0.   1.   0.   0.]
 [  0.   0. 217.   0.   0.   0.   0.   2.   0.   1.]
 [  0.   0.   0. 219.   0.   0.   0.   0.   1.   0.]
 [  0.   0.   0.   0. 217.   0.   0.   3.   0.   0.]
 [  2.   0.   0.   0.   1. 217.   0.   0.   0.   0.]
 [  4.   0.   0.   0.   0.   0. 216.   0.   0.   0.]
 [  0.   0.   0.   0.   0.   0.   0. 218.   0.   2.]
 [  0.   0.   0.   0.   0.   0.   0.   0. 220.   0.]
 [  0.   0.   0.   0.   0.   0.   0.   1.   0. 218.]]
step5253
{'acc': 0.9872669395179627, 'f1': 0.9873067906744423, 'micro_f1': 0.9872669395179627, 'test_loss': 0.05252583642678863}
Model train epoch:51,loss:3.805329839241704e-05,training_time:9.458297312259674
[[210.   0.   0.   0.   0.   0.   0.   1.   0.   9.]
 [  0. 219.   0.   0.   0.   0.   0.   1.   0.   0.]
 [  0.   0. 217.   0.   0.   0.   0.   2.   0.   1.]
 [  0.   0.   0. 219.   0.   0.   0.   0.   1.   0.]
 [  0.   0.   0.   0. 217.   0.   0.   3.   0.   0.]
 [  2.   0.   0.   0.   2. 216.   0.   0.   0.   0.]
 [  4.   0.   0.   0.   0.   0. 216.   0.   0.   0.]
 [  0.   0.   0.   0.   0.   0.   0. 218.   0.   2.]
 [  0.   0.   0.   0.   0.   0.   0.   0. 220.   0.]
 [  0.   0.   0.   0.   0.   0.   0.   1.   0. 218.]]
step5356
{'acc': 0.98681218735789, 'f1': 0.9868501481827401, 'micro_f1': 0.98681218735789, 'test_loss': 0.052434525818119124}
Model train epoch:52,loss:3.932680524835282e-05,training_time:9.460205640643835
[[210.   0.   0.   0.   0.   0.   0.   1.   0.   9.]
 [  0. 219.   0.   0.   0.   0.   0.   1.   0.   0.]
 [  0.   0. 217.   0.   0.   0.   0.   2.   0.   1.]
 [  0.   0.   0. 219.   0.   0.   0.   0.   1.   0.]
 [  0.   0.   0.   0. 217.   0.   0.   3.   0.   0.]
 [  2.   0.   0.   0.   2. 216.   0.   0.   0.   0.]
 [  4.   0.   0.   0.   0.   0. 216.   0.   0.   0.]
 [  0.   0.   0.   0.   0.   0.   0. 218.   0.   2.]
 [  0.   0.   0.   0.   0.   0.   0.   0. 220.   0.]
 [  0.   0.   0.   0.   0.   0.   0.   1.   0. 218.]]
step5459
{'acc': 0.98681218735789, 'f1': 0.9868501481827401, 'micro_f1': 0.98681218735789, 'test_loss': 0.04991709137014238}
Model train epoch:53,loss:3.619215586835568e-05,training_time:9.572393350303173
[[210.   0.   0.   0.   0.   0.   0.   1.   0.   9.]
 [  0. 219.   0.   0.   0.   0.   0.   1.   0.   0.]
 [  0.   0. 217.   0.   0.   0.   0.   2.   0.   1.]
 [  0.   0.   0. 219.   0.   0.   0.   0.   1.   0.]
 [  0.   0.   0.   0. 217.   0.   0.   3.   0.   0.]
 [  2.   0.   0.   0.   1. 217.   0.   0.   0.   0.]
 [  4.   0.   0.   0.   0.   0. 216.   0.   0.   0.]
 [  0.   0.   0.   0.   0.   0.   0. 218.   0.   2.]
 [  0.   0.   0.   0.   0.   0.   0.   0. 220.   0.]
 [  0.   0.   0.   0.   0.   0.   0.   1.   0. 218.]]
step5562
{'acc': 0.9872669395179627, 'f1': 0.9873067906744423, 'micro_f1': 0.9872669395179627, 'test_loss': 0.05002602015553878}
Model train epoch:54,loss:3.501597145189477e-05,training_time:9.42654437571764
[[210.   0.   0.   0.   0.   0.   0.   1.   0.   9.]
 [  0. 219.   0.   0.   0.   0.   0.   1.   0.   0.]
 [  0.   0. 218.   0.   0.   0.   0.   2.   0.   0.]
 [  0.   0.   0. 219.   0.   0.   0.   0.   1.   0.]
 [  0.   0.   0.   0. 217.   0.   0.   3.   0.   0.]
 [  2.   0.   0.   0.   1. 217.   0.   0.   0.   0.]
 [  4.   0.   0.   0.   0.   0. 216.   0.   0.   0.]
 [  0.   0.   0.   0.   0.   0.   0. 218.   0.   2.]
 [  0.   0.   0.   0.   0.   0.   0.   0. 220.   0.]
 [  0.   0.   0.   0.   0.   0.   0.   1.   0. 218.]]
step5665
{'acc': 0.9877216916780355, 'f1': 0.9877534200370061, 'micro_f1': 0.9877216916780355, 'test_loss': 0.050562011924973504}
Model train epoch:55,loss:4.0350459375286635e-05,training_time:9.588794626295567
[[210.   0.   0.   0.   0.   0.   0.   1.   0.   9.]
 [  0. 219.   0.   0.   0.   0.   0.   1.   0.   0.]
 [  0.   0. 218.   0.   0.   0.   0.   2.   0.   0.]
 [  0.   0.   0. 219.   0.   0.   0.   0.   1.   0.]
 [  0.   0.   0.   0. 219.   0.   0.   1.   0.   0.]
 [  2.   0.   0.   0.   1. 217.   0.   0.   0.   0.]
 [  4.   0.   0.   0.   0.   0. 216.   0.   0.   0.]
 [  0.   0.   0.   0.   0.   0.   0. 218.   0.   2.]
 [  0.   0.   0.   0.   0.   0.   0.   0. 220.   0.]
 [  0.   0.   0.   0.   0.   0.   0.   1.   0. 218.]]
step5768
{'acc': 0.988631195998181, 'f1': 0.988652467256159, 'micro_f1': 0.988631195998181, 'test_loss': 0.04715873302772836}
Model train epoch:56,loss:3.806555164723809e-05,training_time:9.44191575050354
[[211.   0.   0.   0.   0.   0.   0.   1.   0.   8.]
 [  0. 219.   0.   0.   0.   0.   0.   1.   0.   0.]
 [  0.   0. 218.   0.   0.   0.   0.   2.   0.   0.]
 [  0.   0.   0. 219.   0.   0.   0.   0.   1.   0.]
 [  0.   0.   0.   0. 218.   0.   0.   2.   0.   0.]
 [  2.   0.   0.   0.   1. 217.   0.   0.   0.   0.]
 [  4.   0.   0.   0.   0.   0. 216.   0.   0.   0.]
 [  0.   0.   0.   0.   0.   0.   0. 218.   0.   2.]
 [  0.   0.   0.   0.   0.   0.   0.   0. 220.   0.]
 [  0.   0.   0.   0.   0.   0.   0.   1.   0. 218.]]
step5871
{'acc': 0.988631195998181, 'f1': 0.988657923112169, 'micro_f1': 0.988631195998181, 'test_loss': 0.04509715304377875}
Model train epoch:57,loss:3.240147328562251e-05,training_time:9.468720942735672
[[211.   0.   0.   0.   0.   0.   0.   1.   0.   8.]
 [  0. 219.   0.   0.   0.   0.   0.   1.   0.   0.]
 [  0.   0. 218.   0.   0.   0.   0.   2.   0.   0.]
 [  0.   0.   0. 219.   0.   0.   0.   0.   1.   0.]
 [  0.   0.   0.   0. 218.   0.   0.   2.   0.   0.]
 [  2.   0.   0.   0.   1. 217.   0.   0.   0.   0.]
 [  4.   0.   0.   0.   0.   0. 216.   0.   0.   0.]
 [  0.   0.   0.   0.   0.   0.   0. 218.   0.   2.]
 [  0.   0.   0.   0.   0.   0.   0.   0. 220.   0.]
 [  0.   0.   0.   0.   0.   0.   0.   1.   0. 218.]]
step5974
{'acc': 0.988631195998181, 'f1': 0.988657923112169, 'micro_f1': 0.988631195998181, 'test_loss': 0.045257627176969045}
Model train epoch:58,loss:2.8890391779266512e-05,training_time:9.440070889890194
[[211.   0.   0.   0.   0.   0.   0.   1.   0.   8.]
 [  0. 219.   0.   0.   0.   0.   0.   1.   0.   0.]
 [  0.   0. 218.   0.   0.   0.   0.   2.   0.   0.]
 [  0.   0.   0. 219.   0.   0.   0.   0.   1.   0.]
 [  0.   0.   0.   0. 218.   0.   0.   2.   0.   0.]
 [  2.   0.   0.   0.   2. 216.   0.   0.   0.   0.]
 [  4.   0.   0.   0.   0.   0. 216.   0.   0.   0.]
 [  0.   0.   0.   0.   0.   0.   0. 218.   0.   2.]
 [  0.   0.   0.   0.   0.   0.   0.   0. 220.   0.]
 [  0.   0.   0.   0.   0.   0.   0.   1.   0. 218.]]
step6077
{'acc': 0.9881764438381082, 'f1': 0.9882012711646583, 'micro_f1': 0.9881764438381082, 'test_loss': 0.045734723905038015}
Model train epoch:59,loss:3.0640256830758095e-05,training_time:9.452375706285238
[[211.   0.   0.   0.   0.   0.   0.   1.   0.   8.]
 [  0. 219.   0.   0.   0.   0.   0.   1.   0.   0.]
 [  0.   0. 218.   0.   0.   0.   0.   2.   0.   0.]
 [  0.   0.   0. 219.   0.   0.   0.   0.   1.   0.]
 [  0.   0.   0.   0. 218.   0.   0.   2.   0.   0.]
 [  2.   0.   0.   0.   1. 217.   0.   0.   0.   0.]
 [  4.   0.   0.   0.   0.   0. 216.   0.   0.   0.]
 [  0.   0.   0.   0.   0.   0.   0. 218.   0.   2.]
 [  0.   0.   0.   0.   0.   0.   0.   0. 220.   0.]
 [  0.   0.   0.   0.   0.   0.   0.   1.   0. 218.]]
step6180
{'acc': 0.988631195998181, 'f1': 0.988657923112169, 'micro_f1': 0.988631195998181, 'test_loss': 0.045959334510566156}
Model train epoch:60,loss:2.8370591936576464e-05,training_time:9.563909575343132
[[211.   0.   0.   0.   0.   0.   0.   1.   0.   8.]
 [  0. 219.   0.   0.   0.   0.   0.   1.   0.   0.]
 [  0.   0. 218.   0.   0.   0.   0.   2.   0.   0.]
 [  0.   0.   0. 219.   0.   0.   0.   0.   1.   0.]
 [  0.   0.   0.   0. 218.   0.   0.   2.   0.   0.]
 [  2.   0.   0.   0.   1. 217.   0.   0.   0.   0.]
 [  4.   0.   0.   0.   0.   0. 216.   0.   0.   0.]
 [  0.   0.   0.   0.   0.   0.   0. 218.   0.   2.]
 [  0.   0.   0.   0.   0.   0.   0.   0. 220.   0.]
 [  0.   0.   0.   0.   0.   0.   0.   1.   0. 218.]]
step6283
{'acc': 0.988631195998181, 'f1': 0.988657923112169, 'micro_f1': 0.988631195998181, 'test_loss': 0.04586058248842164}
Model train epoch:61,loss:2.6806139605748915e-05,training_time:9.496477335691452
[[210.   0.   0.   0.   0.   0.   0.   1.   0.   9.]
 [  0. 219.   0.   0.   0.   0.   0.   1.   0.   0.]
 [  0.   0. 218.   0.   0.   0.   0.   2.   0.   0.]
 [  0.   0.   0. 219.   0.   0.   0.   0.   1.   0.]
 [  0.   0.   0.   0. 218.   0.   0.   2.   0.   0.]
 [  2.   0.   0.   0.   2. 216.   0.   0.   0.   0.]
 [  3.   0.   0.   0.   0.   0. 217.   0.   0.   0.]
 [  0.   0.   0.   0.   0.   0.   0. 218.   0.   2.]
 [  0.   0.   0.   0.   0.   0.   0.   0. 220.   0.]
 [  0.   0.   0.   0.   0.   0.   0.   1.   0. 218.]]
step6386
{'acc': 0.9881764438381082, 'f1': 0.9881987006018763, 'micro_f1': 0.9881764438381082, 'test_loss': 0.047396638965671756}
Model train epoch:62,loss:2.6424119124175588e-05,training_time:9.43374328315258
[[210.   0.   0.   0.   0.   0.   0.   1.   0.   9.]
 [  0. 219.   0.   0.   0.   0.   0.   1.   0.   0.]
 [  0.   0. 218.   0.   0.   0.   0.   2.   0.   0.]
 [  0.   0.   0. 219.   0.   0.   0.   0.   1.   0.]
 [  0.   0.   0.   0. 218.   0.   0.   2.   0.   0.]
 [  2.   0.   0.   0.   1. 217.   0.   0.   0.   0.]
 [  3.   0.   0.   0.   0.   0. 217.   0.   0.   0.]
 [  0.   0.   0.   0.   0.   0.   0. 218.   0.   2.]
 [  0.   0.   0.   0.   0.   0.   0.   0. 220.   0.]
 [  0.   0.   0.   0.   0.   0.   0.   1.   0. 218.]]
step6489
{'acc': 0.988631195998181, 'f1': 0.988655352549387, 'micro_f1': 0.988631195998181, 'test_loss': 0.04736102904477905}
Model train epoch:63,loss:2.6754253658859503e-05,training_time:9.460976235568523
[[210.   0.   0.   0.   0.   0.   0.   1.   0.   9.]
 [  0. 219.   0.   0.   0.   0.   0.   1.   0.   0.]
 [  0.   0. 218.   0.   0.   0.   0.   2.   0.   0.]
 [  0.   0.   0. 219.   0.   0.   0.   0.   1.   0.]
 [  0.   0.   0.   0. 218.   0.   0.   2.   0.   0.]
 [  2.   0.   0.   0.   1. 217.   0.   0.   0.   0.]
 [  4.   0.   0.   0.   0.   0. 216.   0.   0.   0.]
 [  0.   0.   0.   0.   0.   0.   0. 218.   0.   2.]
 [  0.   0.   0.   0.   0.   0.   0.   0. 220.   0.]
 [  0.   0.   0.   0.   0.   0.   0.   1.   0. 218.]]
step6592
{'acc': 0.9881764438381082, 'f1': 0.9882029713039884, 'micro_f1': 0.9881764438381082, 'test_loss': 0.04836590613271515}
Model train epoch:64,loss:2.4179130955067543e-05,training_time:9.410787869244814
[[212.   0.   0.   0.   0.   0.   0.   0.   0.   8.]
 [  0. 219.   0.   0.   0.   0.   0.   1.   0.   0.]
 [  0.   0. 218.   0.   0.   0.   0.   2.   0.   0.]
 [  0.   0.   0. 219.   0.   0.   0.   0.   1.   0.]
 [  0.   0.   0.   0. 218.   0.   0.   2.   0.   0.]
 [  2.   0.   0.   0.   1. 217.   0.   0.   0.   0.]
 [  4.   0.   0.   0.   0.   0. 216.   0.   0.   0.]
 [  0.   0.   0.   0.   0.   0.   0. 218.   0.   2.]
 [  0.   0.   0.   0.   0.   0.   0.   0. 220.   0.]
 [  0.   0.   0.   0.   0.   0.   0.   1.   0. 218.]]
step6695
{'acc': 0.9890859481582538, 'f1': 0.9891147404676923, 'micro_f1': 0.9890859481582538, 'test_loss': 0.04729583733903512}
Model train epoch:65,loss:2.270820531381245e-05,training_time:9.375199638307095
[[212.   0.   0.   0.   0.   0.   0.   0.   0.   8.]
 [  0. 219.   0.   0.   0.   0.   0.   1.   0.   0.]
 [  0.   0. 218.   0.   0.   0.   0.   2.   0.   0.]
 [  0.   0.   0. 219.   0.   0.   0.   0.   1.   0.]
 [  0.   0.   0.   0. 218.   0.   0.   2.   0.   0.]
 [  2.   0.   0.   0.   1. 217.   0.   0.   0.   0.]
 [  4.   0.   0.   0.   0.   0. 216.   0.   0.   0.]
 [  0.   0.   0.   0.   0.   0.   0. 218.   0.   2.]
 [  0.   0.   0.   0.   0.   0.   0.   0. 220.   0.]
 [  0.   0.   0.   0.   0.   0.   0.   1.   0. 218.]]
step6798
{'acc': 0.9890859481582538, 'f1': 0.9891147404676923, 'micro_f1': 0.9890859481582538, 'test_loss': 0.047582319915025956}
Model train epoch:66,loss:2.285717056775656e-05,training_time:9.605294421315193
[[211.   0.   0.   0.   0.   0.   0.   0.   0.   9.]
 [  0. 219.   0.   0.   0.   0.   0.   1.   0.   0.]
 [  0.   0. 218.   0.   0.   0.   0.   2.   0.   0.]
 [  0.   0.   0. 219.   0.   0.   0.   0.   1.   0.]
 [  0.   0.   0.   0. 218.   0.   0.   2.   0.   0.]
 [  2.   0.   0.   0.   1. 217.   0.   0.   0.   0.]
 [  3.   0.   0.   0.   0.   0. 217.   0.   0.   0.]
 [  0.   0.   0.   0.   0.   0.   0. 218.   0.   2.]
 [  0.   0.   0.   0.   0.   0.   0.   0. 220.   0.]
 [  0.   0.   0.   0.   0.   0.   0.   1.   0. 218.]]
step6901
{'acc': 0.9890859481582538, 'f1': 0.9891132893454546, 'micro_f1': 0.9890859481582538, 'test_loss': 0.052558049180866616}
Model train epoch:67,loss:2.2116181517398778e-05,training_time:9.431832533329725
[[211.   0.   0.   0.   0.   0.   0.   0.   0.   9.]
 [  0. 219.   0.   0.   0.   0.   0.   1.   0.   0.]
 [  0.   0. 218.   0.   0.   0.   0.   2.   0.   0.]
 [  0.   0.   0. 219.   0.   0.   0.   0.   1.   0.]
 [  0.   0.   0.   0. 218.   0.   0.   2.   0.   0.]
 [  2.   0.   0.   0.   1. 217.   0.   0.   0.   0.]
 [  3.   0.   0.   0.   0.   0. 217.   0.   0.   0.]
 [  0.   0.   0.   0.   0.   0.   0. 218.   0.   2.]
 [  0.   0.   0.   0.   0.   0.   0.   0. 220.   0.]
 [  0.   0.   0.   0.   0.   0.   0.   1.   0. 218.]]
step7004
{'acc': 0.9890859481582538, 'f1': 0.9891132893454546, 'micro_f1': 0.9890859481582538, 'test_loss': 0.051850990402142215}
Model train epoch:68,loss:1.9917050788255718e-05,training_time:9.419712521135807
[[211.   0.   0.   0.   0.   0.   0.   0.   0.   9.]
 [  0. 219.   0.   0.   0.   0.   0.   1.   0.   0.]
 [  0.   0. 218.   0.   0.   0.   0.   2.   0.   0.]
 [  0.   0.   0. 219.   0.   0.   0.   0.   1.   0.]
 [  0.   0.   0.   0. 218.   0.   0.   2.   0.   0.]
 [  2.   0.   0.   0.   1. 217.   0.   0.   0.   0.]
 [  3.   0.   0.   0.   0.   0. 217.   0.   0.   0.]
 [  0.   0.   0.   0.   0.   0.   0. 218.   0.   2.]
 [  0.   0.   0.   0.   0.   0.   0.   0. 220.   0.]
 [  0.   0.   0.   0.   0.   0.   0.   1.   0. 218.]]
step7107
{'acc': 0.9890859481582538, 'f1': 0.9891132893454546, 'micro_f1': 0.9890859481582538, 'test_loss': 0.05175164020040809}
Model train epoch:69,loss:1.9650052186429653e-05,training_time:9.507505744695663
[[211.   0.   0.   0.   0.   0.   0.   0.   0.   9.]
 [  0. 219.   0.   0.   0.   0.   0.   1.   0.   0.]
 [  0.   0. 218.   0.   0.   0.   0.   2.   0.   0.]
 [  0.   0.   0. 219.   0.   0.   0.   0.   1.   0.]
 [  0.   0.   0.   0. 218.   0.   0.   2.   0.   0.]
 [  2.   0.   0.   0.   1. 217.   0.   0.   0.   0.]
 [  3.   0.   0.   0.   0.   0. 217.   0.   0.   0.]
 [  0.   0.   0.   0.   0.   0.   0. 218.   0.   2.]
 [  0.   0.   0.   0.   0.   0.   0.   0. 220.   0.]
 [  0.   0.   0.   0.   0.   0.   0.   1.   0. 218.]]
step7210
{'acc': 0.9890859481582538, 'f1': 0.9891132893454546, 'micro_f1': 0.9890859481582538, 'test_loss': 0.051727720729832075}
Model train epoch:70,loss:1.878240617805624e-05,training_time:9.515289708971977
[[211.   0.   0.   0.   0.   0.   0.   0.   0.   9.]
 [  0. 219.   0.   0.   0.   0.   0.   1.   0.   0.]
 [  0.   0. 218.   0.   0.   0.   0.   2.   0.   0.]
 [  0.   0.   0. 219.   0.   0.   0.   0.   1.   0.]
 [  0.   0.   0.   0. 218.   0.   0.   2.   0.   0.]
 [  2.   0.   0.   0.   1. 217.   0.   0.   0.   0.]
 [  3.   0.   0.   0.   0.   0. 217.   0.   0.   0.]
 [  0.   0.   0.   0.   0.   0.   0. 218.   0.   2.]
 [  0.   0.   0.   0.   0.   0.   0.   0. 220.   0.]
 [  0.   0.   0.   0.   0.   0.   0.   1.   0. 218.]]
step7313
{'acc': 0.9890859481582538, 'f1': 0.9891132893454546, 'micro_f1': 0.9890859481582538, 'test_loss': 0.0515474990207362}
Model train epoch:71,loss:1.8830439514134083e-05,training_time:9.612620685249567
[[211.   0.   0.   0.   0.   0.   0.   0.   0.   9.]
 [  0. 219.   0.   0.   0.   0.   0.   1.   0.   0.]
 [  0.   0. 218.   0.   0.   0.   0.   2.   0.   0.]
 [  0.   0.   0. 219.   0.   0.   0.   0.   1.   0.]
 [  0.   0.   0.   0. 218.   0.   0.   2.   0.   0.]
 [  2.   0.   0.   0.   1. 217.   0.   0.   0.   0.]
 [  3.   0.   0.   0.   0.   0. 217.   0.   0.   0.]
 [  0.   0.   0.   0.   0.   0.   0. 218.   0.   2.]
 [  0.   0.   0.   0.   0.   0.   0.   0. 220.   0.]
 [  0.   0.   0.   0.   0.   0.   0.   1.   0. 218.]]
step7416
{'acc': 0.9890859481582538, 'f1': 0.9891132893454546, 'micro_f1': 0.9890859481582538, 'test_loss': 0.05151329805538418}
Model train epoch:72,loss:1.8158194026140198e-05,training_time:9.396065812557936
[[211.   0.   0.   0.   0.   0.   0.   0.   0.   9.]
 [  0. 219.   0.   0.   0.   0.   0.   1.   0.   0.]
 [  0.   0. 218.   0.   0.   0.   0.   2.   0.   0.]
 [  0.   0.   0. 219.   0.   0.   0.   0.   1.   0.]
 [  0.   0.   0.   0. 218.   0.   0.   2.   0.   0.]
 [  2.   0.   0.   0.   1. 217.   0.   0.   0.   0.]
 [  3.   0.   0.   0.   0.   0. 217.   0.   0.   0.]
 [  0.   0.   0.   0.   0.   0.   0. 218.   0.   2.]
 [  0.   0.   0.   0.   0.   0.   0.   0. 220.   0.]
 [  0.   0.   0.   0.   0.   0.   0.   1.   0. 218.]]
step7519
{'acc': 0.9890859481582538, 'f1': 0.9891132893454546, 'micro_f1': 0.9890859481582538, 'test_loss': 0.05097570246059279}
Model train epoch:73,loss:1.6873499904389835e-05,training_time:9.533968385308981
[[211.   0.   0.   0.   0.   0.   0.   0.   0.   9.]
 [  0. 219.   0.   0.   0.   0.   0.   1.   0.   0.]
 [  0.   0. 218.   0.   0.   0.   0.   2.   0.   0.]
 [  0.   0.   0. 219.   0.   0.   0.   0.   1.   0.]
 [  0.   0.   0.   0. 218.   0.   0.   2.   0.   0.]
 [  2.   0.   0.   0.   1. 217.   0.   0.   0.   0.]
 [  3.   0.   0.   0.   0.   0. 217.   0.   0.   0.]
 [  0.   0.   0.   0.   0.   0.   0. 218.   0.   2.]
 [  0.   0.   0.   0.   0.   0.   0.   0. 220.   0.]
 [  0.   0.   0.   0.   0.   0.   0.   1.   0. 218.]]
step7622
{'acc': 0.9890859481582538, 'f1': 0.9891132893454546, 'micro_f1': 0.9890859481582538, 'test_loss': 0.05090426914013213}
Model train epoch:74,loss:1.6061808598631334e-05,training_time:9.415517959743738
[[211.   0.   0.   0.   0.   0.   0.   0.   0.   9.]
 [  0. 219.   0.   0.   0.   0.   0.   1.   0.   0.]
 [  0.   0. 218.   0.   0.   0.   0.   2.   0.   0.]
 [  1.   0.   0. 218.   0.   0.   0.   0.   1.   0.]
 [  0.   0.   0.   0. 218.   0.   0.   2.   0.   0.]
 [  2.   0.   0.   0.   1. 217.   0.   0.   0.   0.]
 [  3.   0.   0.   0.   0.   0. 217.   0.   0.   0.]
 [  0.   0.   0.   0.   0.   0.   0. 218.   0.   2.]
 [  0.   0.   0.   0.   0.   0.   0.   0. 220.   0.]
 [  0.   0.   0.   0.   0.   0.   0.   1.   0. 218.]]
step7725
{'acc': 0.988631195998181, 'f1': 0.9886629736688259, 'micro_f1': 0.988631195998181, 'test_loss': 0.05097044933280423}
Model train epoch:75,loss:1.588769875017813e-05,training_time:9.442631669342518
[[211.   0.   0.   0.   0.   0.   0.   0.   0.   9.]
 [  0. 219.   0.   0.   0.   0.   0.   1.   0.   0.]
 [  0.   0. 218.   0.   0.   0.   0.   2.   0.   0.]
 [  0.   0.   0. 219.   0.   0.   0.   0.   1.   0.]
 [  0.   0.   0.   0. 218.   0.   0.   2.   0.   0.]
 [  2.   0.   0.   0.   1. 217.   0.   0.   0.   0.]
 [  3.   0.   0.   0.   0.   0. 217.   0.   0.   0.]
 [  0.   0.   0.   0.   0.   0.   0. 218.   0.   2.]
 [  0.   0.   0.   0.   0.   0.   0.   0. 220.   0.]
 [  0.   0.   0.   0.   0.   0.   0.   1.   0. 218.]]
step7828
{'acc': 0.9890859481582538, 'f1': 0.9891132893454546, 'micro_f1': 0.9890859481582538, 'test_loss': 0.05046911151214642}
Model train epoch:76,loss:1.5697778184613315e-05,training_time:9.579292628914118
[[212.   0.   0.   0.   0.   0.   0.   0.   0.   8.]
 [  0. 219.   0.   0.   0.   0.   0.   1.   0.   0.]
 [  0.   0. 218.   0.   0.   0.   0.   2.   0.   0.]
 [  1.   0.   0. 218.   0.   0.   0.   0.   1.   0.]
 [  0.   0.   0.   0. 218.   0.   0.   2.   0.   0.]
 [  2.   0.   0.   0.   1. 217.   0.   0.   0.   0.]
 [  3.   0.   0.   0.   0.   0. 217.   0.   0.   0.]
 [  0.   0.   0.   0.   0.   0.   0. 218.   0.   2.]
 [  0.   0.   0.   0.   0.   0.   0.   0. 220.   0.]
 [  0.   0.   0.   0.   0.   0.   0.   1.   0. 218.]]
step7931
{'acc': 0.9890859481582538, 'f1': 0.9891168422327533, 'micro_f1': 0.9890859481582538, 'test_loss': 0.049777039791258304}
Model train epoch:77,loss:1.521215470417631e-05,training_time:9.671365328133106
[[211.   0.   0.   0.   0.   0.   0.   0.   0.   9.]
 [  0. 219.   0.   0.   0.   0.   0.   1.   0.   0.]
 [  0.   0. 218.   0.   0.   0.   0.   2.   0.   0.]
 [  1.   0.   0. 218.   0.   0.   0.   0.   1.   0.]
 [  0.   0.   0.   0. 218.   0.   0.   2.   0.   0.]
 [  2.   0.   0.   0.   1. 217.   0.   0.   0.   0.]
 [  3.   0.   0.   0.   0.   0. 217.   0.   0.   0.]
 [  0.   0.   0.   0.   0.   0.   0. 218.   0.   2.]
 [  0.   0.   0.   0.   0.   0.   0.   0. 220.   0.]
 [  0.   0.   0.   0.   0.   0.   0.   1.   0. 218.]]
step8034
{'acc': 0.988631195998181, 'f1': 0.9886629736688259, 'micro_f1': 0.988631195998181, 'test_loss': 0.0503099619871786}
Model train epoch:78,loss:1.3739819608487709e-05,training_time:9.52287107333541
[[211.   0.   0.   0.   0.   0.   0.   0.   0.   9.]
 [  0. 219.   0.   0.   0.   0.   0.   1.   0.   0.]
 [  0.   0. 218.   0.   0.   0.   0.   2.   0.   0.]
 [  1.   0.   0. 218.   0.   0.   0.   0.   1.   0.]
 [  0.   0.   0.   0. 218.   0.   0.   2.   0.   0.]
 [  2.   0.   0.   0.   1. 217.   0.   0.   0.   0.]
 [  3.   0.   0.   0.   0.   0. 217.   0.   0.   0.]
 [  0.   0.   0.   0.   0.   0.   0. 218.   0.   2.]
 [  0.   0.   0.   0.   0.   0.   0.   0. 220.   0.]
 [  0.   0.   0.   0.   0.   0.   0.   1.   0. 218.]]
step8137
{'acc': 0.988631195998181, 'f1': 0.9886629736688259, 'micro_f1': 0.988631195998181, 'test_loss': 0.05124585148457429}
Model train epoch:79,loss:1.3960931570321778e-05,training_time:9.545824211090803
[[211.   0.   0.   0.   0.   0.   0.   0.   0.   9.]
 [  0. 219.   0.   0.   0.   0.   0.   1.   0.   0.]
 [  0.   0. 218.   0.   0.   0.   0.   2.   0.   0.]
 [  1.   0.   0. 218.   0.   0.   0.   0.   1.   0.]
 [  0.   0.   0.   0. 218.   0.   0.   2.   0.   0.]
 [  2.   0.   0.   0.   1. 217.   0.   0.   0.   0.]
 [  3.   0.   0.   0.   0.   0. 217.   0.   0.   0.]
 [  0.   0.   0.   0.   0.   0.   0. 218.   0.   2.]
 [  0.   0.   0.   0.   0.   0.   0.   0. 220.   0.]
 [  0.   0.   0.   0.   0.   0.   0.   1.   0. 218.]]
step8240
{'acc': 0.988631195998181, 'f1': 0.9886629736688259, 'micro_f1': 0.988631195998181, 'test_loss': 0.05199869190645196}
Model train epoch:80,loss:1.3594332306008884e-05,training_time:9.496317487210035
[[212.   0.   0.   0.   0.   0.   0.   0.   0.   8.]
 [  0. 219.   0.   0.   0.   0.   0.   1.   0.   0.]
 [  0.   0. 218.   0.   0.   0.   0.   2.   0.   0.]
 [  2.   0.   0. 217.   0.   0.   0.   0.   1.   0.]
 [  0.   0.   0.   0. 218.   0.   0.   2.   0.   0.]
 [  2.   0.   0.   0.   1. 217.   0.   0.   0.   0.]
 [  3.   0.   0.   0.   0.   0. 217.   0.   0.   0.]
 [  0.   0.   0.   0.   0.   0.   0. 218.   0.   2.]
 [  0.   0.   0.   0.   0.   0.   0.   0. 220.   0.]
 [  0.   0.   0.   0.   0.   0.   0.   1.   0. 218.]]
step8343
{'acc': 0.988631195998181, 'f1': 0.9886664549214205, 'micro_f1': 0.988631195998181, 'test_loss': 0.0512611307010697}
Model train epoch:81,loss:1.2786593882852825e-05,training_time:9.432677637785673
[[211.   0.   0.   0.   0.   0.   0.   0.   0.   9.]
 [  0. 219.   0.   0.   0.   0.   0.   1.   0.   0.]
 [  0.   0. 218.   0.   0.   0.   0.   2.   0.   0.]
 [  1.   0.   0. 218.   0.   0.   0.   0.   1.   0.]
 [  0.   0.   0.   0. 218.   0.   0.   2.   0.   0.]
 [  2.   0.   0.   0.   1. 217.   0.   0.   0.   0.]
 [  3.   0.   0.   0.   0.   0. 217.   0.   0.   0.]
 [  0.   0.   0.   0.   0.   0.   0. 218.   0.   2.]
 [  0.   0.   0.   0.   0.   0.   0.   0. 220.   0.]
 [  0.   0.   0.   0.   0.   0.   0.   1.   0. 218.]]
step8446
{'acc': 0.988631195998181, 'f1': 0.9886629736688259, 'micro_f1': 0.988631195998181, 'test_loss': 0.05186594163789258}
Model train epoch:82,loss:1.2088724999487637e-05,training_time:9.621388647705317
[[211.   0.   0.   0.   0.   0.   0.   0.   0.   9.]
 [  0. 219.   0.   0.   0.   0.   0.   1.   0.   0.]
 [  0.   0. 218.   0.   0.   0.   0.   2.   0.   0.]
 [  2.   0.   0. 217.   0.   0.   0.   0.   1.   0.]
 [  0.   0.   0.   0. 218.   0.   0.   2.   0.   0.]
 [  2.   0.   0.   0.   1. 217.   0.   0.   0.   0.]
 [  3.   0.   0.   0.   0.   0. 217.   0.   0.   0.]
 [  0.   0.   0.   0.   0.   0.   0. 218.   0.   2.]
 [  0.   0.   0.   0.   0.   0.   0.   0. 220.   0.]
 [  0.   0.   0.   0.   0.   0.   0.   1.   0. 218.]]
step8549
{'acc': 0.9881764438381082, 'f1': 0.9882126220602034, 'micro_f1': 0.9881764438381082, 'test_loss': 0.05242837658381957}
Model train epoch:83,loss:1.1588794546486706e-05,training_time:9.549905147403479
[[212.   0.   0.   0.   0.   0.   0.   0.   0.   8.]
 [  0. 219.   0.   0.   0.   0.   0.   1.   0.   0.]
 [  0.   0. 218.   0.   0.   0.   0.   2.   0.   0.]
 [  1.   0.   0. 218.   0.   0.   0.   0.   1.   0.]
 [  0.   0.   0.   0. 218.   0.   0.   2.   0.   0.]
 [  2.   0.   0.   0.   1. 217.   0.   0.   0.   0.]
 [  3.   0.   0.   0.   0.   0. 217.   0.   0.   0.]
 [  0.   0.   0.   0.   0.   0.   0. 218.   0.   2.]
 [  0.   0.   0.   0.   0.   0.   0.   0. 220.   0.]
 [  0.   0.   0.   0.   0.   0.   0.   1.   0. 218.]]
step8652
{'acc': 0.9890859481582538, 'f1': 0.9891168422327533, 'micro_f1': 0.9890859481582538, 'test_loss': 0.05196536591441015}
Model train epoch:84,loss:1.1290342845663523e-05,training_time:9.509455028921366
[[211.   0.   0.   0.   0.   0.   0.   0.   0.   9.]
 [  0. 219.   0.   0.   0.   0.   0.   1.   0.   0.]
 [  0.   0. 218.   0.   0.   0.   0.   2.   0.   0.]
 [  0.   0.   0. 219.   0.   0.   0.   0.   1.   0.]
 [  0.   0.   0.   0. 218.   0.   0.   2.   0.   0.]
 [  2.   0.   0.   0.   1. 217.   0.   0.   0.   0.]
 [  3.   0.   0.   0.   0.   0. 217.   0.   0.   0.]
 [  0.   0.   0.   0.   0.   0.   0. 218.   0.   2.]
 [  0.   0.   0.   0.   0.   0.   0.   0. 220.   0.]
 [  0.   0.   0.   0.   0.   0.   0.   1.   0. 218.]]
step8755
{'acc': 0.9890859481582538, 'f1': 0.9891132893454546, 'micro_f1': 0.9890859481582538, 'test_loss': 0.0522450576308464}
Model train epoch:85,loss:1.086374538335104e-05,training_time:9.50191593170166
[[212.   0.   0.   0.   0.   0.   0.   0.   0.   8.]
 [  0. 219.   0.   0.   0.   0.   0.   1.   0.   0.]
 [  0.   0. 218.   0.   0.   0.   0.   2.   0.   0.]
 [  1.   0.   0. 218.   0.   0.   0.   0.   1.   0.]
 [  0.   0.   0.   0. 218.   0.   0.   2.   0.   0.]
 [  2.   0.   0.   0.   1. 217.   0.   0.   0.   0.]
 [  3.   0.   0.   0.   0.   0. 217.   0.   0.   0.]
 [  0.   0.   0.   0.   0.   0.   0. 218.   0.   2.]
 [  0.   0.   0.   0.   0.   0.   0.   0. 220.   0.]
 [  0.   0.   0.   0.   0.   0.   0.   1.   0. 218.]]
step8858
{'acc': 0.9890859481582538, 'f1': 0.9891168422327533, 'micro_f1': 0.9890859481582538, 'test_loss': 0.052609045891780885}
Model train epoch:86,loss:1.0545468092879253e-05,training_time:9.454932652413845
[[213.   0.   0.   0.   0.   0.   0.   0.   0.   7.]
 [  0. 219.   0.   0.   0.   0.   0.   1.   0.   0.]
 [  0.   0. 218.   0.   0.   0.   0.   2.   0.   0.]
 [  1.   0.   0. 218.   0.   0.   0.   0.   1.   0.]
 [  0.   0.   0.   0. 218.   0.   0.   2.   0.   0.]
 [  2.   0.   0.   0.   1. 217.   0.   0.   0.   0.]
 [  3.   0.   0.   0.   0.   0. 217.   0.   0.   0.]
 [  0.   0.   0.   0.   0.   0.   0. 218.   0.   2.]
 [  0.   0.   0.   0.   0.   0.   0.   0. 220.   0.]
 [  0.   0.   0.   0.   0.   0.   0.   1.   0. 218.]]
step8961
{'acc': 0.9895407003183265, 'f1': 0.9895706112837821, 'micro_f1': 0.9895407003183265, 'test_loss': 0.051769758511701576}
Model train epoch:87,loss:9.67275577925018e-06,training_time:9.475396871566772
[[213.   0.   0.   0.   0.   0.   0.   0.   0.   7.]
 [  0. 219.   0.   0.   0.   0.   0.   1.   0.   0.]
 [  0.   0. 218.   0.   0.   0.   0.   2.   0.   0.]
 [  1.   0.   0. 218.   0.   0.   0.   0.   1.   0.]
 [  0.   0.   0.   0. 218.   0.   0.   2.   0.   0.]
 [  2.   0.   0.   0.   1. 217.   0.   0.   0.   0.]
 [  3.   0.   0.   0.   0.   0. 217.   0.   0.   0.]
 [  0.   0.   0.   0.   0.   0.   0. 218.   0.   2.]
 [  0.   0.   0.   0.   0.   0.   0.   0. 220.   0.]
 [  0.   0.   0.   0.   0.   0.   0.   1.   0. 218.]]
step9064
{'acc': 0.9895407003183265, 'f1': 0.9895706112837821, 'micro_f1': 0.9895407003183265, 'test_loss': 0.052290641358182}
Model train epoch:88,loss:9.32527342893781e-06,training_time:9.496638156473637
[[214.   0.   0.   0.   0.   0.   0.   0.   0.   6.]
 [  0. 219.   0.   0.   0.   0.   0.   1.   0.   0.]
 [  0.   0. 218.   0.   0.   0.   0.   2.   0.   0.]
 [  2.   0.   0. 217.   0.   0.   0.   0.   1.   0.]
 [  0.   0.   0.   0. 218.   0.   0.   2.   0.   0.]
 [  2.   0.   0.   0.   1. 217.   0.   0.   0.   0.]
 [  3.   0.   0.   0.   0.   0. 217.   0.   0.   0.]
 [  0.   0.   0.   0.   0.   0.   0. 218.   0.   2.]
 [  0.   0.   0.   0.   0.   0.   0.   0. 220.   0.]
 [  0.   0.   0.   0.   0.   0.   0.   1.   0. 218.]]
step9167
{'acc': 0.9895407003183265, 'f1': 0.9895738438102034, 'micro_f1': 0.9895407003183265, 'test_loss': 0.05224911197241714}
Model train epoch:89,loss:8.90660952388946e-06,training_time:9.515558328479528
[[213.   0.   0.   0.   0.   0.   0.   0.   0.   7.]
 [  0. 219.   0.   0.   0.   0.   0.   1.   0.   0.]
 [  0.   0. 218.   0.   0.   0.   0.   2.   0.   0.]
 [  2.   0.   0. 217.   0.   0.   0.   0.   1.   0.]
 [  0.   0.   0.   0. 218.   0.   0.   2.   0.   0.]
 [  2.   0.   0.   0.   1. 217.   0.   0.   0.   0.]
 [  3.   0.   0.   0.   0.   0. 217.   0.   0.   0.]
 [  0.   0.   0.   0.   0.   0.   0. 218.   0.   2.]
 [  0.   0.   0.   0.   0.   0.   0.   0. 220.   0.]
 [  0.   0.   0.   0.   0.   0.   0.   1.   0. 218.]]
step9270
{'acc': 0.9890859481582538, 'f1': 0.9891201908771186, 'micro_f1': 0.9890859481582538, 'test_loss': 0.05247314699773986}
Model train epoch:90,loss:8.741152616774063e-06,training_time:9.549147929996252
[[213.   0.   0.   0.   0.   0.   0.   0.   0.   7.]
 [  0. 219.   0.   0.   0.   0.   0.   1.   0.   0.]
 [  0.   0. 218.   0.   0.   0.   0.   2.   0.   0.]
 [  1.   0.   0. 218.   0.   0.   0.   0.   1.   0.]
 [  0.   0.   0.   0. 218.   0.   0.   2.   0.   0.]
 [  2.   0.   0.   0.   1. 217.   0.   0.   0.   0.]
 [  3.   0.   0.   0.   0.   0. 217.   0.   0.   0.]
 [  0.   0.   0.   0.   0.   0.   0. 218.   0.   2.]
 [  0.   0.   0.   0.   0.   0.   0.   0. 220.   0.]
 [  0.   0.   0.   0.   0.   0.   0.   1.   0. 218.]]
step9373
{'acc': 0.9895407003183265, 'f1': 0.9895706112837821, 'micro_f1': 0.9895407003183265, 'test_loss': 0.052498334732172226}
Model train epoch:91,loss:8.1477048970905e-06,training_time:9.441020928323269
[[213.   0.   0.   0.   0.   0.   0.   0.   0.   7.]
 [  0. 219.   0.   0.   0.   0.   0.   1.   0.   0.]
 [  0.   0. 218.   0.   0.   0.   0.   2.   0.   0.]
 [  1.   0.   0. 218.   0.   0.   0.   0.   1.   0.]
 [  0.   0.   0.   0. 218.   0.   0.   2.   0.   0.]
 [  1.   0.   0.   0.   1. 218.   0.   0.   0.   0.]
 [  3.   0.   0.   0.   0.   0. 217.   0.   0.   0.]
 [  0.   0.   0.   0.   0.   0.   0. 218.   0.   2.]
 [  0.   0.   0.   0.   0.   0.   0.   0. 220.   0.]
 [  0.   0.   0.   0.   0.   0.   0.   1.   0. 218.]]
step9476
{'acc': 0.9899954524783993, 'f1': 0.9900220387340776, 'micro_f1': 0.9899954524783993, 'test_loss': 0.05259077888044885}
Model train epoch:92,loss:7.890682660707591e-06,training_time:9.508957009762526
[[213.   0.   0.   0.   0.   0.   0.   0.   0.   7.]
 [  0. 219.   0.   0.   0.   0.   0.   1.   0.   0.]
 [  0.   0. 218.   0.   0.   0.   0.   2.   0.   0.]
 [  1.   0.   0. 218.   0.   0.   0.   0.   1.   0.]
 [  0.   0.   0.   0. 218.   0.   0.   2.   0.   0.]
 [  1.   0.   0.   0.   1. 218.   0.   0.   0.   0.]
 [  3.   0.   0.   0.   0.   0. 217.   0.   0.   0.]
 [  0.   0.   0.   0.   0.   0.   0. 218.   0.   2.]
 [  0.   0.   0.   0.   0.   0.   0.   0. 220.   0.]
 [  0.   0.   0.   0.   0.   0.   0.   1.   0. 218.]]
step9579
{'acc': 0.9899954524783993, 'f1': 0.9900220387340776, 'micro_f1': 0.9899954524783993, 'test_loss': 0.05326613063904395}
Model train epoch:93,loss:7.508694300038489e-06,training_time:9.514871068298817
[[214.   0.   0.   0.   0.   0.   0.   0.   0.   6.]
 [  0. 219.   0.   0.   0.   0.   0.   1.   0.   0.]
 [  0.   0. 218.   0.   0.   0.   0.   2.   0.   0.]
 [  1.   0.   0. 218.   0.   0.   0.   0.   1.   0.]
 [  0.   0.   0.   0. 218.   0.   0.   2.   0.   0.]
 [  1.   0.   0.   0.   1. 218.   0.   0.   0.   0.]
 [  3.   0.   0.   0.   0.   0. 217.   0.   0.   0.]
 [  0.   0.   0.   0.   0.   0.   0. 218.   0.   2.]
 [  0.   0.   0.   0.   0.   0.   0.   0. 220.   0.]
 [  0.   0.   0.   0.   0.   0.   0.   1.   0. 218.]]
step9682
{'acc': 0.990450204638472, 'f1': 0.9904757505569102, 'micro_f1': 0.990450204638472, 'test_loss': 0.05357144550134113}
Model train epoch:94,loss:7.170309100519472e-06,training_time:9.508059591054916
[[214.   0.   0.   0.   0.   0.   0.   0.   0.   6.]
 [  0. 219.   0.   0.   0.   0.   0.   1.   0.   0.]
 [  0.   0. 218.   0.   0.   0.   0.   2.   0.   0.]
 [  1.   0.   0. 218.   0.   0.   0.   0.   1.   0.]
 [  0.   0.   0.   0. 218.   0.   0.   2.   0.   0.]
 [  1.   0.   0.   0.   1. 218.   0.   0.   0.   0.]
 [  3.   0.   0.   0.   0.   0. 217.   0.   0.   0.]
 [  0.   0.   0.   0.   0.   0.   0. 218.   0.   2.]
 [  0.   0.   0.   0.   0.   0.   0.   0. 220.   0.]
 [  0.   0.   0.   0.   0.   0.   0.   1.   0. 218.]]
step9785
{'acc': 0.990450204638472, 'f1': 0.9904757505569102, 'micro_f1': 0.990450204638472, 'test_loss': 0.053396866337379834}
Model train epoch:95,loss:6.94943006115304e-06,training_time:9.59000326320529
[[213.   0.   0.   0.   0.   0.   0.   0.   0.   7.]
 [  0. 219.   0.   0.   0.   0.   0.   1.   0.   0.]
 [  0.   0. 218.   0.   0.   0.   0.   2.   0.   0.]
 [  1.   0.   0. 218.   0.   0.   0.   0.   1.   0.]
 [  0.   0.   0.   0. 218.   0.   0.   2.   0.   0.]
 [  1.   0.   0.   0.   1. 218.   0.   0.   0.   0.]
 [  3.   0.   0.   0.   0.   0. 217.   0.   0.   0.]
 [  0.   0.   0.   0.   0.   0.   0. 218.   0.   2.]
 [  0.   0.   0.   0.   0.   0.   0.   0. 220.   0.]
 [  0.   0.   0.   0.   0.   0.   0.   1.   0. 218.]]
step9888
{'acc': 0.9899954524783993, 'f1': 0.9900220387340776, 'micro_f1': 0.9899954524783993, 'test_loss': 0.05409301470614472}
Model train epoch:96,loss:6.669527688420483e-06,training_time:9.51922720298171
[[214.   0.   0.   0.   0.   0.   0.   0.   0.   6.]
 [  0. 219.   0.   0.   0.   0.   0.   1.   0.   0.]
 [  0.   0. 218.   0.   0.   0.   0.   2.   0.   0.]
 [  1.   0.   0. 218.   0.   0.   0.   0.   1.   0.]
 [  0.   0.   0.   0. 218.   0.   0.   2.   0.   0.]
 [  1.   0.   0.   0.   1. 218.   0.   0.   0.   0.]
 [  3.   0.   0.   0.   0.   0. 217.   0.   0.   0.]
 [  0.   0.   0.   0.   0.   0.   0. 218.   0.   2.]
 [  0.   0.   0.   0.   0.   0.   0.   0. 220.   0.]
 [  0.   0.   0.   0.   0.   0.   0.   1.   0. 218.]]
step9991
{'acc': 0.990450204638472, 'f1': 0.9904757505569102, 'micro_f1': 0.990450204638472, 'test_loss': 0.053944696748249046}
Model train epoch:97,loss:6.502071029829564e-06,training_time:9.44285300001502
[[213.   0.   0.   0.   0.   0.   0.   0.   0.   7.]
 [  0. 219.   0.   0.   0.   0.   0.   1.   0.   0.]
 [  0.   0. 218.   0.   0.   0.   0.   2.   0.   0.]
 [  1.   0.   0. 218.   0.   0.   0.   0.   1.   0.]
 [  0.   0.   0.   0. 218.   0.   0.   2.   0.   0.]
 [  1.   0.   0.   0.   1. 218.   0.   0.   0.   0.]
 [  3.   0.   0.   0.   0.   0. 217.   0.   0.   0.]
 [  0.   0.   0.   0.   0.   0.   0. 218.   0.   2.]
 [  0.   0.   0.   0.   0.   0.   0.   0. 220.   0.]
 [  0.   0.   0.   0.   0.   0.   0.   1.   0. 218.]]
step10094
{'acc': 0.9899954524783993, 'f1': 0.9900220387340776, 'micro_f1': 0.9899954524783993, 'test_loss': 0.054119603065672504}
Model train epoch:98,loss:5.99236129626381e-06,training_time:9.447231654077768
[[213.   0.   0.   0.   0.   0.   0.   0.   0.   7.]
 [  0. 219.   0.   0.   0.   0.   0.   1.   0.   0.]
 [  0.   0. 218.   0.   0.   0.   0.   2.   0.   0.]
 [  2.   0.   0. 217.   0.   0.   0.   0.   1.   0.]
 [  0.   0.   0.   0. 218.   0.   0.   2.   0.   0.]
 [  1.   0.   0.   0.   1. 218.   0.   0.   0.   0.]
 [  3.   0.   0.   0.   0.   0. 217.   0.   0.   0.]
 [  0.   0.   0.   0.   0.   0.   0. 218.   0.   2.]
 [  0.   0.   0.   0.   0.   0.   0.   0. 220.   0.]
 [  0.   0.   0.   0.   0.   0.   0.   1.   0. 218.]]
step10197
{'acc': 0.9895407003183265, 'f1': 0.9895706112837821, 'micro_f1': 0.9895407003183265, 'test_loss': 0.05402033317497756}
Model train epoch:99,loss:5.717809786941731e-06,training_time:9.397073954343796
[[213.   0.   0.   0.   0.   0.   0.   0.   0.   7.]
 [  0. 219.   0.   0.   0.   0.   0.   1.   0.   0.]
 [  0.   0. 218.   0.   0.   0.   0.   2.   0.   0.]
 [  2.   0.   0. 217.   0.   0.   0.   0.   1.   0.]
 [  0.   0.   0.   0. 218.   0.   0.   2.   0.   0.]
 [  1.   0.   0.   0.   1. 218.   0.   0.   0.   0.]
 [  3.   0.   0.   0.   0.   0. 217.   0.   0.   0.]
 [  0.   0.   0.   0.   0.   0.   0. 218.   0.   2.]
 [  0.   0.   0.   0.   0.   0.   0.   0. 220.   0.]
 [  0.   0.   0.   0.   0.   0.   0.   1.   0. 218.]]
step10300
{'acc': 0.9895407003183265, 'f1': 0.9895706112837821, 'micro_f1': 0.9895407003183265, 'test_loss': 0.05445708405555446}
Model train epoch:100,loss:5.476646433722775e-06,training_time:9.583750672638416
